The United States of America, Death rates (period 1x10), 	Last modified: 15 Mar 2023;  Methods Protocol: v6 (2017)

  Year          Age             Female            Male           Total
1933-1939        0             0.053437        0.067995        0.060850
1933-1939        1             0.008041        0.009141        0.008598
1933-1939        2             0.003700        0.004297        0.004002
1933-1939        3             0.002565        0.002986        0.002778
1933-1939        4             0.002039        0.002332        0.002188
1933-1939        5             0.001690        0.001951        0.001823
1933-1939        6             0.001483        0.001770        0.001629
1933-1939        7             0.001313        0.001621        0.001470
1933-1939        8             0.001178        0.001500        0.001342
1933-1939        9             0.001076        0.001407        0.001244
1933-1939       10             0.001009        0.001344        0.001179
1933-1939       11             0.000995        0.001335        0.001167
1933-1939       12             0.001040        0.001388        0.001216
1933-1939       13             0.001145        0.001506        0.001327
1933-1939       14             0.001308        0.001688        0.001499
1933-1939       15             0.001520        0.001925        0.001723
1933-1939       16             0.001737        0.002168        0.001953
1933-1939       17             0.001949        0.002405        0.002177
1933-1939       18             0.002154        0.002632        0.002392
1933-1939       19             0.002347        0.002844        0.002594
1933-1939       20             0.002527        0.003035        0.002779
1933-1939       21             0.002688        0.003197        0.002939
1933-1939       22             0.002828        0.003327        0.003074
1933-1939       23             0.002950        0.003429        0.003186
1933-1939       24             0.003055        0.003505        0.003277
1933-1939       25             0.003146        0.003563        0.003351
1933-1939       26             0.003230        0.003629        0.003427
1933-1939       27             0.003308        0.003710        0.003506
1933-1939       28             0.003378        0.003805        0.003588
1933-1939       29             0.003435        0.003911        0.003670
1933-1939       30             0.003487        0.004034        0.003757
1933-1939       31             0.003569        0.004192        0.003878
1933-1939       32             0.003693        0.004392        0.004040
1933-1939       33             0.003862        0.004638        0.004247
1933-1939       34             0.004080        0.004933        0.004504
1933-1939       35             0.004339        0.005268        0.004802
1933-1939       36             0.004593        0.005616        0.005104
1933-1939       37             0.004827        0.005966        0.005397
1933-1939       38             0.005036        0.006311        0.005676
1933-1939       39             0.005219        0.006654        0.005942
1933-1939       40             0.005389        0.007002        0.006203
1933-1939       41             0.005587        0.007382        0.006496
1933-1939       42             0.005834        0.007814        0.006840
1933-1939       43             0.006141        0.008310        0.007246
1933-1939       44             0.006515        0.008879        0.007723
1933-1939       45             0.006957        0.009524        0.008274
1933-1939       46             0.007458        0.010237        0.008888
1933-1939       47             0.008013        0.011014        0.009562
1933-1939       48             0.008623        0.011860        0.010298
1933-1939       49             0.009291        0.012783        0.011101
1933-1939       50             0.010012        0.013783        0.011969
1933-1939       51             0.010746        0.014810        0.012856
1933-1939       52             0.011481        0.015852        0.013751
1933-1939       53             0.012211        0.016900        0.014645
1933-1939       54             0.012926        0.017939        0.015526
1933-1939       55             0.013644        0.018984        0.016411
1933-1939       56             0.014479        0.020152        0.017414
1933-1939       57             0.015475        0.021490        0.018581
1933-1939       58             0.016661        0.023031        0.019943
1933-1939       59             0.018071        0.024813        0.021536
1933-1939       60             0.019704        0.026831        0.023358
1933-1939       61             0.021483        0.029013        0.025334
1933-1939       62             0.023393        0.031333        0.027444
1933-1939       63             0.025453        0.033812        0.029708
1933-1939       64             0.027697        0.036492        0.032164
1933-1939       65             0.030165        0.039410        0.034851
1933-1939       66             0.032854        0.042537        0.037752
1933-1939       67             0.035811        0.045915        0.040912
1933-1939       68             0.039067        0.049585        0.044364
1933-1939       69             0.042653        0.053562        0.048133
1933-1939       70             0.046609        0.057909        0.052268
1933-1939       71             0.051014        0.062778        0.056885
1933-1939       72             0.055934        0.068256        0.062060
1933-1939       73             0.061436        0.074402        0.067855
1933-1939       74             0.067585        0.081273        0.074332
1933-1939       75             0.072962        0.087294        0.079989
1933-1939       76             0.079915        0.095118        0.087329
1933-1939       77             0.087354        0.103472        0.095169
1933-1939       78             0.095432        0.112456        0.103633
1933-1939       79             0.104089        0.121902        0.112610
1933-1939       80             0.108619        0.129603        0.118442
1933-1939       81             0.118267        0.140186        0.128435
1933-1939       82             0.129036        0.152127        0.139638
1933-1939       83             0.140900        0.165327        0.151989
1933-1939       84             0.153628        0.179432        0.165197
1933-1939       85             0.166992        0.194093        0.178978
1933-1939       86             0.181236        0.209457        0.193540
1933-1939       87             0.196519        0.225641        0.209028
1933-1939       88             0.212475        0.242193        0.225044
1933-1939       89             0.228173        0.258172        0.240656
1933-1939       90             0.242471        0.272215        0.254638
1933-1939       91             0.255373        0.282956        0.266462
1933-1939       92             0.266748        0.289420        0.275713
1933-1939       93             0.275877        0.290875        0.281725
1933-1939       94             0.283176        0.291198        0.286270
1933-1939       95             0.290808        0.299330        0.294061
1933-1939       96             0.292834        0.304441        0.297208
1933-1939       97             0.287665        0.301795        0.292904
1933-1939       98             0.280608        0.293911        0.285465
1933-1939       99             0.289057        0.298533        0.292477
1933-1939      100             0.379733        0.395663        0.385406
1933-1939      101             0.396559        0.412948        0.402297
1933-1939      102             0.413837        0.430981        0.419748
1933-1939      103             0.431024        0.449576        0.437331
1933-1939      104             0.447719        0.468128        0.454559
1933-1939      105             0.465511        0.486719        0.472509
1933-1939      106             0.485444        0.507945        0.492754
1933-1939      107             0.507099        0.532550        0.515256
1933-1939      108             0.529107        0.567521        0.541123
1933-1939      109             0.551919        0.635831        0.576658
1933-1939      110+            0.637416        0.865093        0.690880
1940-1949        0             0.037260        0.047787        0.042647
1940-1949        1             0.003514        0.003983        0.003753
1940-1949        2             0.001777        0.002152        0.001967
1940-1949        3             0.001317        0.001592        0.001457
1940-1949        4             0.001063        0.001279        0.001173
1940-1949        5             0.000913        0.001150        0.001033
1940-1949        6             0.000809        0.001075        0.000944
1940-1949        7             0.000729        0.001018        0.000875
1940-1949        8             0.000663        0.000968        0.000818
1940-1949        9             0.000619        0.000926        0.000775
1940-1949       10             0.000585        0.000875        0.000732
1940-1949       11             0.000593        0.000885        0.000742
1940-1949       12             0.000633        0.000939        0.000789
1940-1949       13             0.000702        0.001033        0.000870
1940-1949       14             0.000800        0.001169        0.000987
1940-1949       15             0.000923        0.001352        0.001140
1940-1949       16             0.001046        0.001534        0.001292
1940-1949       17             0.001162        0.001712        0.001438
1940-1949       18             0.001274        0.002143        0.001681
1940-1949       19             0.001385        0.002401        0.001853
1940-1949       20             0.001495        0.002595        0.002003
1940-1949       21             0.001578        0.002713        0.002103
1940-1949       22             0.001646        0.002777        0.002170
1940-1949       23             0.001696        0.002785        0.002203
1940-1949       24             0.001730        0.002740        0.002203
1940-1949       25             0.001744        0.002653        0.002170
1940-1949       26             0.001783        0.002614        0.002174
1940-1949       27             0.001840        0.002616        0.002206
1940-1949       28             0.001913        0.002658        0.002266
1940-1949       29             0.002001        0.002734        0.002349
1940-1949       30             0.002118        0.002858        0.002472
1940-1949       31             0.002236        0.002990        0.002597
1940-1949       32             0.002363        0.003144        0.002739
1940-1949       33             0.002502        0.003320        0.002897
1940-1949       34             0.002654        0.003526        0.003076
1940-1949       35             0.002802        0.003743        0.003258
1940-1949       36             0.002971        0.003988        0.003465
1940-1949       37             0.003154        0.004264        0.003695
1940-1949       38             0.003350        0.004569        0.003946
1940-1949       39             0.003559        0.004903        0.004219
1940-1949       40             0.003803        0.005281        0.004533
1940-1949       41             0.004073        0.005707        0.004884
1940-1949       42             0.004365        0.006177        0.005267
1940-1949       43             0.004677        0.006689        0.005682
1940-1949       44             0.005009        0.007244        0.006128
1940-1949       45             0.005347        0.007832        0.006592
1940-1949       46             0.005730        0.008500        0.007120
1940-1949       47             0.006151        0.009240        0.007704
1940-1949       48             0.006621        0.010063        0.008356
1940-1949       49             0.007152        0.010986        0.009089
1940-1949       50             0.007784        0.012059        0.009951
1940-1949       51             0.008442        0.013197        0.010856
1940-1949       52             0.009124        0.014371        0.011792
1940-1949       53             0.009833        0.015593        0.012765
1940-1949       54             0.010571        0.016877        0.013782
1940-1949       55             0.011337        0.018264        0.014858
1940-1949       56             0.012183        0.019663        0.015985
1940-1949       57             0.013145        0.021174        0.017223
1940-1949       58             0.014226        0.022795        0.018576
1940-1949       59             0.015438        0.024540        0.020054
1940-1949       60             0.016683        0.026203        0.021509
1940-1949       61             0.017935        0.027884        0.022964
1940-1949       62             0.019319        0.029714        0.024554
1940-1949       63             0.020863        0.031714        0.026303
1940-1949       64             0.022592        0.033899        0.028233
1940-1949       65             0.024527        0.036328        0.030382
1940-1949       66             0.026855        0.039143        0.032927
1940-1949       67             0.029419        0.042151        0.035688
1940-1949       68             0.032265        0.045398        0.038712
1940-1949       69             0.035420        0.048889        0.042014
1940-1949       70             0.039347        0.053084        0.046066
1940-1949       71             0.043803        0.057947        0.050707
1940-1949       72             0.048595        0.063179        0.055697
1940-1949       73             0.053778        0.068856        0.061097
1940-1949       74             0.059491        0.075138        0.067056
1940-1949       75             0.065400        0.082076        0.073401
1940-1949       76             0.071163        0.088687        0.079507
1940-1949       77             0.077572        0.095982        0.086269
1940-1949       78             0.084740        0.104011        0.093770
1940-1949       79             0.092855        0.112866        0.102156
1940-1949       80             0.097130        0.120626        0.107769
1940-1949       81             0.106875        0.131377        0.117872
1940-1949       82             0.117483        0.143127        0.128884
1940-1949       83             0.129042        0.156024        0.140915
1940-1949       84             0.141204        0.169600        0.153558
1940-1949       85             0.153556        0.183184        0.166288
1940-1949       86             0.166743        0.197523        0.179801
1940-1949       87             0.181425        0.213648        0.194903
1940-1949       88             0.197856        0.231843        0.211855
1940-1949       89             0.215099        0.250987        0.229642
1940-1949       90             0.230629        0.268110        0.245551
1940-1949       91             0.243957        0.281082        0.258473
1940-1949       92             0.255530        0.289156        0.268462
1940-1949       93             0.265833        0.292459        0.275947
1940-1949       94             0.276307        0.295733        0.283631
1940-1949       95             0.289442        0.308894        0.296730
1940-1949       96             0.297057        0.318558        0.305060
1940-1949       97             0.295753        0.317659        0.303852
1940-1949       98             0.288320        0.308245        0.295645
1940-1949       99             0.291052        0.308539        0.297440
1940-1949      100             0.365323        0.383302        0.371860
1940-1949      101             0.376160        0.391090        0.381566
1940-1949      102             0.382157        0.393956        0.386410
1940-1949      103             0.384602        0.392494        0.387436
1940-1949      104             0.383035        0.387405        0.384599
1940-1949      105             0.376913        0.380004        0.378016
1940-1949      106             0.366855        0.370403        0.368118
1940-1949      107             0.349694        0.357436        0.352417
1940-1949      108             0.322122        0.338676        0.327817
1940-1949      109             0.289082        0.315803        0.298027
1940-1949      110+            0.149889        0.169498        0.155697
1950-1959        0             0.025570        0.033329        0.029519
1950-1959        1             0.001891        0.002150        0.002023
1950-1959        2             0.001065        0.001301        0.001185
1950-1959        3             0.000812        0.000979        0.000897
1950-1959        4             0.000665        0.000797        0.000732
1950-1959        5             0.000567        0.000717        0.000643
1950-1959        6             0.000495        0.000660        0.000579
1950-1959        7             0.000429        0.000600        0.000516
1950-1959        8             0.000381        0.000565        0.000474
1950-1959        9             0.000354        0.000535        0.000446
1950-1959       10             0.000334        0.000514        0.000426
1950-1959       11             0.000337        0.000531        0.000436
1950-1959       12             0.000360        0.000590        0.000477
1950-1959       13             0.000390        0.000687        0.000541
1950-1959       14             0.000439        0.000815        0.000630
1950-1959       15             0.000516        0.001020        0.000770
1950-1959       16             0.000588        0.001222        0.000908
1950-1959       17             0.000648        0.001395        0.001025
1950-1959       18             0.000698        0.001615        0.001148
1950-1959       19             0.000739        0.001763        0.001238
1950-1959       20             0.000767        0.001908        0.001314
1950-1959       21             0.000781        0.001998        0.001357
1950-1959       22             0.000819        0.002050        0.001400
1950-1959       23             0.000835        0.001983        0.001381
1950-1959       24             0.000880        0.001942        0.001389
1950-1959       25             0.000930        0.001905        0.001402
1950-1959       26             0.000952        0.001820        0.001376
1950-1959       27             0.000981        0.001780        0.001373
1950-1959       28             0.001067        0.001867        0.001458
1950-1959       29             0.001129        0.001916        0.001512
1950-1959       30             0.001186        0.001962        0.001564
1950-1959       31             0.001269        0.002023        0.001637
1950-1959       32             0.001385        0.002170        0.001767
1950-1959       33             0.001462        0.002255        0.001848
1950-1959       34             0.001557        0.002374        0.001956
1950-1959       35             0.001687        0.002555        0.002110
1950-1959       36             0.001816        0.002730        0.002262
1950-1959       37             0.001948        0.002942        0.002434
1950-1959       38             0.002166        0.003285        0.002713
1950-1959       39             0.002373        0.003626        0.002987
1950-1959       40             0.002589        0.004017        0.003290
1950-1959       41             0.002803        0.004375        0.003578
1950-1959       42             0.003068        0.004893        0.003968
1950-1959       43             0.003308        0.005356        0.004319
1950-1959       44             0.003565        0.005863        0.004699
1950-1959       45             0.003843        0.006416        0.005114
1950-1959       46             0.004183        0.007063        0.005606
1950-1959       47             0.004536        0.007770        0.006136
1950-1959       48             0.004921        0.008465        0.006677
1950-1959       49             0.005439        0.009474        0.007440
1950-1959       50             0.005973        0.010499        0.008218
1950-1959       51             0.006445        0.011491        0.008947
1950-1959       52             0.007030        0.012602        0.009795
1950-1959       53             0.007633        0.013847        0.010717
1950-1959       54             0.008281        0.015100        0.011665
1950-1959       55             0.008792        0.016288        0.012507
1950-1959       56             0.009477        0.017650        0.013523
1950-1959       57             0.010156        0.018971        0.014513
1950-1959       58             0.010991        0.020369        0.015621
1950-1959       59             0.011894        0.022109        0.016925
1950-1959       60             0.013008        0.024108        0.018462
1950-1959       61             0.014116        0.026006        0.019945
1950-1959       62             0.015511        0.028132        0.021681
1950-1959       63             0.017030        0.030607        0.023640
1950-1959       64             0.018667        0.033212        0.025719
1950-1959       65             0.020543        0.035959        0.027984
1950-1959       66             0.022120        0.038404        0.029932
1950-1959       67             0.024120        0.041039        0.032198
1950-1959       68             0.026386        0.043801        0.034666
1950-1959       69             0.028654        0.046397        0.037071
1950-1959       70             0.031909        0.050342        0.040614
1950-1959       71             0.035060        0.054200        0.044062
1950-1959       72             0.039257        0.058827        0.048429
1950-1959       73             0.043153        0.063114        0.052464
1950-1959       74             0.048272        0.069150        0.057956
1950-1959       75             0.053635        0.074797        0.063402
1950-1959       76             0.059063        0.080749        0.069016
1950-1959       77             0.064720        0.086648        0.074733
1950-1959       78             0.071670        0.094197        0.081865
1950-1959       79             0.078838        0.102038        0.089229
1950-1959       80             0.084158        0.111873        0.096141
1950-1959       81             0.091964        0.120716        0.104269
1950-1959       82             0.102145        0.131842        0.114714
1950-1959       83             0.113557        0.143933        0.126261
1950-1959       84             0.126021        0.157143        0.138887
1950-1959       85             0.139358        0.170706        0.152162
1950-1959       86             0.151535        0.186495        0.165628
1950-1959       87             0.164397        0.201309        0.179049
1950-1959       88             0.175379        0.211003        0.189288
1950-1959       89             0.191143        0.230009        0.206067
1950-1959       90             0.216595        0.249599        0.229067
1950-1959       91             0.219577        0.257618        0.233725
1950-1959       92             0.243172        0.281285        0.257088
1950-1959       93             0.263951        0.302760        0.277853
1950-1959       94             0.285353        0.318886        0.297147
1950-1959       95             0.303251        0.332428        0.313355
1950-1959       96             0.316457        0.356753        0.330203
1950-1959       97             0.333898        0.368925        0.345644
1950-1959       98             0.348909        0.372970        0.356885
1950-1959       99             0.325117        0.342093        0.330731
1950-1959      100             0.386158        0.414189        0.395426
1950-1959      101             0.343238        0.338120        0.341535
1950-1959      102             0.346372        0.351740        0.348191
1950-1959      103             0.315721        0.315182        0.315537
1950-1959      104             0.312556        0.282561        0.302201
1950-1959      105             0.315909        0.287632        0.305904
1950-1959      106             0.268742        0.278220        0.272112
1950-1959      107             0.232790        0.238835        0.234927
1950-1959      108             0.231969        0.233233        0.232415
1950-1959      109             0.223786        0.135544        0.191716
1950-1959      110+            0.229352        0.199932        0.217980
1960-1969        0             0.021289        0.027879        0.024646
1960-1969        1             0.001457        0.001665        0.001563
1960-1969        2             0.000881        0.001079        0.000982
1960-1969        3             0.000665        0.000831        0.000750
1960-1969        4             0.000547        0.000689        0.000619
1960-1969        5             0.000483        0.000607        0.000546
1960-1969        6             0.000407        0.000562        0.000486
1960-1969        7             0.000365        0.000504        0.000436
1960-1969        8             0.000333        0.000472        0.000404
1960-1969        9             0.000298        0.000447        0.000374
1960-1969       10             0.000276        0.000423        0.000351
1960-1969       11             0.000287        0.000447        0.000369
1960-1969       12             0.000299        0.000482        0.000392
1960-1969       13             0.000320        0.000576        0.000450
1960-1969       14             0.000355        0.000684        0.000522
1960-1969       15             0.000431        0.000856        0.000647
1960-1969       16             0.000512        0.001175        0.000849
1960-1969       17             0.000578        0.001430        0.001009
1960-1969       18             0.000643        0.001733        0.001189
1960-1969       19             0.000678        0.001885        0.001273
1960-1969       20             0.000663        0.001876        0.001252
1960-1969       21             0.000708        0.002029        0.001348
1960-1969       22             0.000713        0.002019        0.001347
1960-1969       23             0.000727        0.001968        0.001329
1960-1969       24             0.000753        0.001838        0.001280
1960-1969       25             0.000804        0.001847        0.001314
1960-1969       26             0.000813        0.001836        0.001314
1960-1969       27             0.000856        0.001831        0.001334
1960-1969       28             0.000914        0.001865        0.001380
1960-1969       29             0.000970        0.001874        0.001414
1960-1969       30             0.001033        0.001900        0.001459
1960-1969       31             0.001122        0.001990        0.001549
1960-1969       32             0.001239        0.002101        0.001662
1960-1969       33             0.001315        0.002242        0.001770
1960-1969       34             0.001438        0.002347        0.001883
1960-1969       35             0.001564        0.002561        0.002051
1960-1969       36             0.001661        0.002724        0.002180
1960-1969       37             0.001803        0.002954        0.002364
1960-1969       38             0.001990        0.003277        0.002616
1960-1969       39             0.002173        0.003543        0.002840
1960-1969       40             0.002344        0.003894        0.003098
1960-1969       41             0.002480        0.004174        0.003305
1960-1969       42             0.002825        0.004726        0.003750
1960-1969       43             0.003055        0.005092        0.004046
1960-1969       44             0.003236        0.005605        0.004389
1960-1969       45             0.003572        0.006234        0.004868
1960-1969       46             0.003833        0.006737        0.005248
1960-1969       47             0.004269        0.007554        0.005870
1960-1969       48             0.004601        0.008257        0.006384
1960-1969       49             0.004987        0.009106        0.006997
1960-1969       50             0.005494        0.010223        0.007803
1960-1969       51             0.005759        0.010995        0.008315
1960-1969       52             0.006410        0.012329        0.009298
1960-1969       53             0.006761        0.013272        0.009934
1960-1969       54             0.007259        0.014444        0.010755
1960-1969       55             0.007649        0.015518        0.011470
1960-1969       56             0.008217        0.016728        0.012341
1960-1969       57             0.008864        0.018216        0.013383
1960-1969       58             0.009748        0.019994        0.014684
1960-1969       59             0.010625        0.022058        0.016112
1960-1969       60             0.011927        0.024306        0.017845
1960-1969       61             0.012577        0.026044        0.018987
1960-1969       62             0.014693        0.029366        0.021639
1960-1969       63             0.015417        0.031084        0.022783
1960-1969       64             0.016514        0.033460        0.024418
1960-1969       65             0.018877        0.037167        0.027341
1960-1969       66             0.019368        0.038120        0.027969
1960-1969       67             0.021625        0.041900        0.030851
1960-1969       68             0.023494        0.044473        0.032980
1960-1969       69             0.024984        0.046786        0.034785
1960-1969       70             0.028383        0.051212        0.038585
1960-1969       71             0.029328        0.053317        0.039990
1960-1969       72             0.034853        0.060489        0.046187
1960-1969       73             0.037683        0.063836        0.049183
1960-1969       74             0.041886        0.069232        0.053833
1960-1969       75             0.047648        0.075637        0.059790
1960-1969       76             0.051549        0.080526        0.064033
1960-1969       77             0.056187        0.086308        0.069060
1960-1969       78             0.064605        0.094872        0.077422
1960-1969       79             0.071598        0.102763        0.084654
1960-1969       80             0.079461        0.113289        0.093205
1960-1969       81             0.082849        0.117470        0.096737
1960-1969       82             0.095265        0.131434        0.109580
1960-1969       83             0.106793        0.144074        0.121341
1960-1969       84             0.118726        0.157817        0.133752
1960-1969       85             0.130857        0.170424        0.145822
1960-1969       86             0.143358        0.184154        0.158532
1960-1969       87             0.158870        0.199745        0.173822
1960-1969       88             0.171220        0.212494        0.186069
1960-1969       89             0.187759        0.231742        0.203310
1960-1969       90             0.209396        0.251099        0.223888
1960-1969       91             0.216969        0.260604        0.231872
1960-1969       92             0.240553        0.284884        0.255417
1960-1969       93             0.260749        0.306458        0.275787
1960-1969       94             0.282103        0.323350        0.295442
1960-1969       95             0.300879        0.341165        0.313737
1960-1969       96             0.320932        0.356276        0.332050
1960-1969       97             0.341078        0.380652        0.353338
1960-1969       98             0.351438        0.377768        0.359472
1960-1969       99             0.359780        0.383880        0.367029
1960-1969      100             0.382401        0.403763        0.388768
1960-1969      101             0.361970        0.372018        0.364958
1960-1969      102             0.380446        0.367308        0.376483
1960-1969      103             0.361856        0.330379        0.352055
1960-1969      104             0.363671        0.322613        0.350305
1960-1969      105             0.381978        0.351924        0.371861
1960-1969      106             0.317765        0.324166        0.319965
1960-1969      107             0.296149        0.295600        0.295956
1960-1969      108             0.309440        0.297334        0.305127
1960-1969      109             0.266209        0.256483        0.262709
1960-1969      110+            0.263619        0.279166        0.269418
1970-1979        0             0.014560        0.018613        0.016633
1970-1979        1             0.001032        0.001204        0.001120
1970-1979        2             0.000674        0.000852        0.000765
1970-1979        3             0.000506        0.000688        0.000599
1970-1979        4             0.000421        0.000558        0.000491
1970-1979        5             0.000377        0.000518        0.000449
1970-1979        6             0.000334        0.000466        0.000401
1970-1979        7             0.000295        0.000425        0.000361
1970-1979        8             0.000274        0.000397        0.000337
1970-1979        9             0.000251        0.000381        0.000317
1970-1979       10             0.000236        0.000364        0.000301
1970-1979       11             0.000238        0.000378        0.000309
1970-1979       12             0.000251        0.000421        0.000338
1970-1979       13             0.000289        0.000512        0.000402
1970-1979       14             0.000333        0.000650        0.000495
1970-1979       15             0.000422        0.000850        0.000640
1970-1979       16             0.000514        0.001213        0.000870
1970-1979       17             0.000589        0.001538        0.001071
1970-1979       18             0.000663        0.001911        0.001293
1970-1979       19             0.000659        0.002004        0.001333
1970-1979       20             0.000654        0.002009        0.001330
1970-1979       21             0.000681        0.002138        0.001406
1970-1979       22             0.000691        0.002147        0.001413
1970-1979       23             0.000683        0.002098        0.001383
1970-1979       24             0.000685        0.002003        0.001338
1970-1979       25             0.000696        0.001991        0.001339
1970-1979       26             0.000736        0.001935        0.001331
1970-1979       27             0.000751        0.001928        0.001334
1970-1979       28             0.000800        0.001944        0.001366
1970-1979       29             0.000811        0.001899        0.001349
1970-1979       30             0.000832        0.001888        0.001355
1970-1979       31             0.000933        0.001967        0.001444
1970-1979       32             0.000994        0.002062        0.001520
1970-1979       33             0.001093        0.002175        0.001623
1970-1979       34             0.001142        0.002231        0.001676
1970-1979       35             0.001264        0.002391        0.001817
1970-1979       36             0.001384        0.002582        0.001970
1970-1979       37             0.001529        0.002765        0.002132
1970-1979       38             0.001674        0.003028        0.002335
1970-1979       39             0.001786        0.003237        0.002494
1970-1979       40             0.001981        0.003475        0.002712
1970-1979       41             0.002158        0.003817        0.002969
1970-1979       42             0.002469        0.004296        0.003363
1970-1979       43             0.002688        0.004661        0.003652
1970-1979       44             0.002885        0.005075        0.003954
1970-1979       45             0.003141        0.005680        0.004375
1970-1979       46             0.003476        0.006203        0.004801
1970-1979       47             0.003793        0.006775        0.005239
1970-1979       48             0.004070        0.007489        0.005720
1970-1979       49             0.004336        0.008106        0.006151
1970-1979       50             0.004862        0.009072        0.006890
1970-1979       51             0.005052        0.009660        0.007266
1970-1979       52             0.005550        0.010620        0.007980
1970-1979       53             0.005980        0.011413        0.008583
1970-1979       54             0.006425        0.012614        0.009387
1970-1979       55             0.006946        0.013780        0.010211
1970-1979       56             0.007606        0.014980        0.011121
1970-1979       57             0.008198        0.016519        0.012155
1970-1979       58             0.008917        0.018017        0.013218
1970-1979       59             0.009532        0.019474        0.014215
1970-1979       60             0.010766        0.022059        0.016071
1970-1979       61             0.011201        0.022994        0.016736
1970-1979       62             0.012404        0.025563        0.018525
1970-1979       63             0.013019        0.027385        0.019658
1970-1979       64             0.014008        0.029464        0.021070
1970-1979       65             0.015522        0.032338        0.023122
1970-1979       66             0.016216        0.034066        0.024187
1970-1979       67             0.017943        0.037181        0.026476
1970-1979       68             0.019361        0.039827        0.028347
1970-1979       69             0.021550        0.043289        0.031026
1970-1979       70             0.025057        0.049203        0.035437
1970-1979       71             0.026166        0.050544        0.036599
1970-1979       72             0.029889        0.056790        0.041225
1970-1979       73             0.032288        0.059748        0.043742
1970-1979       74             0.035815        0.065398        0.047946
1970-1979       75             0.040217        0.071551        0.052862
1970-1979       76             0.043023        0.075508        0.055915
1970-1979       77             0.046734        0.080967        0.060093
1970-1979       78             0.051270        0.084697        0.064221
1970-1979       79             0.057126        0.092664        0.070693
1970-1979       80             0.065241        0.103425        0.079421
1970-1979       81             0.069945        0.110101        0.084617
1970-1979       82             0.078835        0.120379        0.093768
1970-1979       83             0.088211        0.130982        0.103316
1970-1979       84             0.098369        0.142549        0.113697
1970-1979       85             0.107921        0.153052        0.123300
1970-1979       86             0.120060        0.166453        0.135576
1970-1979       87             0.131169        0.178891        0.146821
1970-1979       88             0.143505        0.191705        0.159009
1970-1979       89             0.157945        0.208128        0.173778
1970-1979       90             0.176033        0.224289        0.190964
1970-1979       91             0.187131        0.237571        0.202415
1970-1979       92             0.207084        0.258732        0.222392
1970-1979       93             0.226547        0.279315        0.241827
1970-1979       94             0.247145        0.295632        0.260848
1970-1979       95             0.265171        0.315652        0.279109
1970-1979       96             0.285521        0.338898        0.299912
1970-1979       97             0.307118        0.352858        0.319201
1970-1979       98             0.322347        0.366679        0.333872
1970-1979       99             0.329754        0.380799        0.342851
1970-1979      100             0.353760        0.381946        0.360904
1970-1979      101             0.363388        0.380947        0.367823
1970-1979      102             0.365381        0.373485        0.367440
1970-1979      103             0.380258        0.373317        0.378447
1970-1979      104             0.382753        0.345266        0.372518
1970-1979      105             0.369628        0.378180        0.372095
1970-1979      106             0.366052        0.331193        0.355650
1970-1979      107             0.322547        0.312122        0.319292
1970-1979      108             0.347698        0.316863        0.337800
1970-1979      109             0.286348        0.323427        0.298363
1970-1979      110+            0.288613        0.265709        0.280805
1980-1989        0             0.009833        0.012292        0.011091
1980-1989        1             0.000779        0.000913        0.000848
1980-1989        2             0.000495        0.000632        0.000565
1980-1989        3             0.000362        0.000491        0.000428
1980-1989        4             0.000285        0.000398        0.000343
1980-1989        5             0.000253        0.000336        0.000295
1980-1989        6             0.000231        0.000319        0.000276
1980-1989        7             0.000212        0.000295        0.000254
1980-1989        8             0.000204        0.000295        0.000250
1980-1989        9             0.000186        0.000274        0.000231
1980-1989       10             0.000175        0.000265        0.000221
1980-1989       11             0.000180        0.000286        0.000234
1980-1989       12             0.000199        0.000329        0.000266
1980-1989       13             0.000218        0.000390        0.000306
1980-1989       14             0.000271        0.000494        0.000385
1980-1989       15             0.000342        0.000664        0.000507
1980-1989       16             0.000452        0.000984        0.000724
1980-1989       17             0.000500        0.001235        0.000877
1980-1989       18             0.000555        0.001570        0.001071
1980-1989       19             0.000540        0.001608        0.001080
1980-1989       20             0.000531        0.001650        0.001096
1980-1989       21             0.000556        0.001737        0.001152
1980-1989       22             0.000552        0.001738        0.001150
1980-1989       23             0.000573        0.001752        0.001166
1980-1989       24             0.000575        0.001725        0.001153
1980-1989       25             0.000594        0.001735        0.001167
1980-1989       26             0.000617        0.001742        0.001180
1980-1989       27             0.000634        0.001774        0.001204
1980-1989       28             0.000688        0.001874        0.001280
1980-1989       29             0.000671        0.001776        0.001223
1980-1989       30             0.000712        0.001895        0.001301
1980-1989       31             0.000773        0.001957        0.001361
1980-1989       32             0.000813        0.002036        0.001420
1980-1989       33             0.000875        0.002105        0.001483
1980-1989       34             0.000913        0.002086        0.001495
1980-1989       35             0.000971        0.002229        0.001593
1980-1989       36             0.001067        0.002351        0.001700
1980-1989       37             0.001128        0.002455        0.001782
1980-1989       38             0.001290        0.002710        0.001988
1980-1989       39             0.001301        0.002654        0.001968
1980-1989       40             0.001468        0.002885        0.002165
1980-1989       41             0.001610        0.003147        0.002365
1980-1989       42             0.001795        0.003417        0.002592
1980-1989       43             0.001961        0.003661        0.002793
1980-1989       44             0.002125        0.003893        0.002994
1980-1989       45             0.002367        0.004349        0.003338
1980-1989       46             0.002602        0.004740        0.003647
1980-1989       47             0.002851        0.005220        0.004007
1980-1989       48             0.003311        0.005928        0.004588
1980-1989       49             0.003436        0.006115        0.004744
1980-1989       50             0.003811        0.006936        0.005325
1980-1989       51             0.004327        0.007735        0.005979
1980-1989       52             0.004727        0.008581        0.006590
1980-1989       53             0.005109        0.009305        0.007135
1980-1989       54             0.005475        0.010054        0.007673
1980-1989       55             0.006036        0.011316        0.008554
1980-1989       56             0.006608        0.012294        0.009312
1980-1989       57             0.007082        0.013183        0.009976
1980-1989       58             0.008093        0.015139        0.011419
1980-1989       59             0.008463        0.015828        0.011927
1980-1989       60             0.009324        0.017502        0.013136
1980-1989       61             0.010205        0.018971        0.014292
1980-1989       62             0.011534        0.021410        0.016112
1980-1989       63             0.012166        0.022656        0.017032
1980-1989       64             0.012886        0.024047        0.018007
1980-1989       65             0.014223        0.026608        0.019858
1980-1989       66             0.015410        0.028792        0.021455
1980-1989       67             0.016588        0.031041        0.023061
1980-1989       68             0.018286        0.034391        0.025412
1980-1989       69             0.019395        0.036803        0.026970
1980-1989       70             0.021584        0.040561        0.029775
1980-1989       71             0.023254        0.043748        0.031997
1980-1989       72             0.026250        0.048571        0.035646
1980-1989       73             0.028708        0.052803        0.038716
1980-1989       74             0.030475        0.056173        0.040953
1980-1989       75             0.033690        0.060636        0.044536
1980-1989       76             0.037149        0.066418        0.048691
1980-1989       77             0.040296        0.071536        0.052327
1980-1989       78             0.044184        0.077437        0.056749
1980-1989       79             0.049099        0.084006        0.061986
1980-1989       80             0.056252        0.094404        0.069948
1980-1989       81             0.061814        0.102236        0.075949
1980-1989       82             0.069095        0.111167        0.083408
1980-1989       83             0.076877        0.121046        0.091495
1980-1989       84             0.085207        0.131483        0.100098
1980-1989       85             0.094534        0.142161        0.109426
1980-1989       86             0.105399        0.154684        0.120368
1980-1989       87             0.116729        0.168410        0.131973
1980-1989       88             0.127923        0.181458        0.143244
1980-1989       89             0.141868        0.195870        0.156852
1980-1989       90             0.157388        0.211907        0.172063
1980-1989       91             0.171595        0.227725        0.186267
1980-1989       92             0.190267        0.247818        0.204888
1980-1989       93             0.209223        0.268174        0.223766
1980-1989       94             0.228765        0.287862        0.242912
1980-1989       95             0.249195        0.309881        0.263311
1980-1989       96             0.271892        0.335941        0.286334
1980-1989       97             0.292768        0.353539        0.306072
1980-1989       98             0.312416        0.372001        0.325127
1980-1989       99             0.333787        0.399386        0.347429
1980-1989      100             0.352498        0.408569        0.363872
1980-1989      101             0.379343        0.425858        0.388626
1980-1989      102             0.402216        0.432437        0.408219
1980-1989      103             0.420473        0.456382        0.427554
1980-1989      104             0.434882        0.436434        0.435190
1980-1989      105             0.432475        0.437977        0.433602
1980-1989      106             0.431401        0.446344        0.434520
1980-1989      107             0.466677        0.391951        0.450340
1980-1989      108             0.421644        0.466388        0.432093
1980-1989      109             0.380638        0.342080        0.371234
1980-1989      110+            0.450625        0.414407        0.439796
1990-1999        0             0.007385        0.009100        0.008263
1990-1999        1             0.000592        0.000678        0.000636
1990-1999        2             0.000369        0.000472        0.000422
1990-1999        3             0.000279        0.000366        0.000324
1990-1999        4             0.000222        0.000287        0.000256
1990-1999        5             0.000192        0.000254        0.000224
1990-1999        6             0.000176        0.000227        0.000202
1990-1999        7             0.000167        0.000211        0.000189
1990-1999        8             0.000158        0.000212        0.000186
1990-1999        9             0.000148        0.000197        0.000173
1990-1999       10             0.000146        0.000204        0.000175
1990-1999       11             0.000151        0.000218        0.000185
1990-1999       12             0.000169        0.000257        0.000214
1990-1999       13             0.000193        0.000333        0.000265
1990-1999       14             0.000254        0.000455        0.000357
1990-1999       15             0.000315        0.000628        0.000476
1990-1999       16             0.000434        0.000948        0.000699
1990-1999       17             0.000470        0.001165        0.000829
1990-1999       18             0.000499        0.001458        0.000991
1990-1999       19             0.000470        0.001507        0.000999
1990-1999       20             0.000470        0.001503        0.000998
1990-1999       21             0.000489        0.001602        0.001058
1990-1999       22             0.000491        0.001559        0.001035
1990-1999       23             0.000501        0.001541        0.001030
1990-1999       24             0.000509        0.001482        0.001002
1990-1999       25             0.000540        0.001495        0.001023
1990-1999       26             0.000563        0.001535        0.001052
1990-1999       27             0.000602        0.001587        0.001098
1990-1999       28             0.000638        0.001685        0.001164
1990-1999       29             0.000654        0.001699        0.001178
1990-1999       30             0.000703        0.001797        0.001253
1990-1999       31             0.000784        0.001943        0.001365
1990-1999       32             0.000811        0.002036        0.001424
1990-1999       33             0.000886        0.002147        0.001515
1990-1999       34             0.000942        0.002203        0.001573
1990-1999       35             0.001006        0.002310        0.001658
1990-1999       36             0.001093        0.002456        0.001771
1990-1999       37             0.001177        0.002594        0.001882
1990-1999       38             0.001315        0.002814        0.002059
1990-1999       39             0.001324        0.002812        0.002063
1990-1999       40             0.001432        0.003004        0.002212
1990-1999       41             0.001579        0.003290        0.002424
1990-1999       42             0.001688        0.003449        0.002558
1990-1999       43             0.001833        0.003674        0.002739
1990-1999       44             0.001951        0.003813        0.002872
1990-1999       45             0.002113        0.004073        0.003080
1990-1999       46             0.002341        0.004457        0.003380
1990-1999       47             0.002538        0.004746        0.003621
1990-1999       48             0.002858        0.005199        0.004005
1990-1999       49             0.002997        0.005310        0.004132
1990-1999       50             0.003275        0.005749        0.004487
1990-1999       51             0.003689        0.006426        0.005025
1990-1999       52             0.004082        0.006982        0.005496
1990-1999       53             0.004486        0.007640        0.006018
1990-1999       54             0.004770        0.008173        0.006423
1990-1999       55             0.005318        0.009084        0.007140
1990-1999       56             0.005896        0.009971        0.007860
1990-1999       57             0.006393        0.010826        0.008522
1990-1999       58             0.007221        0.012268        0.009640
1990-1999       59             0.007688        0.012925        0.010192
1990-1999       60             0.008420        0.014401        0.011255
1990-1999       61             0.009472        0.015974        0.012556
1990-1999       62             0.010335        0.017606        0.013763
1990-1999       63             0.011190        0.018884        0.014808
1990-1999       64             0.011977        0.020486        0.015934
1990-1999       65             0.013179        0.022412        0.017433
1990-1999       66             0.014255        0.024252        0.018826
1990-1999       67             0.015412        0.026136        0.020286
1990-1999       68             0.017073        0.029078        0.022485
1990-1999       69             0.018376        0.031398        0.024177
1990-1999       70             0.020036        0.034127        0.026238
1990-1999       71             0.022177        0.037383        0.028840
1990-1999       72             0.024388        0.040332        0.031313
1990-1999       73             0.026566        0.043866        0.033988
1990-1999       74             0.028550        0.047386        0.036501
1990-1999       75             0.031113        0.051411        0.039553
1990-1999       76             0.034361        0.056342        0.043379
1990-1999       77             0.037785        0.061630        0.047391
1990-1999       78             0.041188        0.066959        0.051325
1990-1999       79             0.045585        0.073010        0.056122
1990-1999       80             0.052567        0.084306        0.064425
1990-1999       81             0.058098        0.092407        0.070573
1990-1999       82             0.064749        0.101568        0.077745
1990-1999       83             0.071913        0.111963        0.085604
1990-1999       84             0.079892        0.122210        0.093866
1990-1999       85             0.088802        0.134318        0.103292
1990-1999       86             0.099201        0.146969        0.113835
1990-1999       87             0.110422        0.159873        0.124974
1990-1999       88             0.122336        0.174759        0.137129
1990-1999       89             0.136650        0.191359        0.151433
1990-1999       90             0.152038        0.208753        0.166694
1990-1999       91             0.168055        0.226282        0.182440
1990-1999       92             0.187248        0.247742        0.201500
1990-1999       93             0.206990        0.270854        0.221349
1990-1999       94             0.228971        0.293140        0.242725
1990-1999       95             0.250732        0.316582        0.264190
1990-1999       96             0.274396        0.342928        0.287757
1990-1999       97             0.298309        0.370852        0.311759
1990-1999       98             0.323047        0.392133        0.335228
1990-1999       99             0.345715        0.412962        0.357031
1990-1999      100             0.379528        0.448868        0.390713
1990-1999      101             0.406795        0.472962        0.417052
1990-1999      102             0.437900        0.501050        0.447396
1990-1999      103             0.451152        0.536219        0.463507
1990-1999      104             0.483589        0.525452        0.489514
1990-1999      105             0.511433        0.526329        0.513561
1990-1999      106             0.517233        0.498754        0.514505
1990-1999      107             0.542987        0.542741        0.542949
1990-1999      108             0.541125        0.465716        0.528591
1990-1999      109             0.550233        0.484276        0.538337
1990-1999      110+            0.521519        0.663567        0.546354
2000-2009        0             0.006260        0.007667        0.006979
2000-2009        1             0.000438        0.000523        0.000481
2000-2009        2             0.000276        0.000349        0.000313
2000-2009        3             0.000199        0.000264        0.000232
2000-2009        4             0.000165        0.000209        0.000188
2000-2009        5             0.000145        0.000181        0.000163
2000-2009        6             0.000134        0.000160        0.000147
2000-2009        7             0.000124        0.000149        0.000137
2000-2009        8             0.000119        0.000151        0.000135
2000-2009        9             0.000122        0.000147        0.000135
2000-2009       10             0.000119        0.000154        0.000137
2000-2009       11             0.000124        0.000166        0.000145
2000-2009       12             0.000129        0.000188        0.000160
2000-2009       13             0.000154        0.000233        0.000195
2000-2009       14             0.000189        0.000304        0.000248
2000-2009       15             0.000236        0.000425        0.000333
2000-2009       16             0.000331        0.000643        0.000491
2000-2009       17             0.000379        0.000849        0.000621
2000-2009       18             0.000436        0.001137        0.000797
2000-2009       19             0.000440        0.001288        0.000876
2000-2009       20             0.000444        0.001334        0.000901
2000-2009       21             0.000479        0.001441        0.000972
2000-2009       22             0.000470        0.001435        0.000964
2000-2009       23             0.000478        0.001425        0.000961
2000-2009       24             0.000495        0.001424        0.000967
2000-2009       25             0.000503        0.001393        0.000954
2000-2009       26             0.000533        0.001409        0.000974
2000-2009       27             0.000549        0.001401        0.000977
2000-2009       28             0.000578        0.001392        0.000988
2000-2009       29             0.000621        0.001428        0.001027
2000-2009       30             0.000634        0.001407        0.001024
2000-2009       31             0.000676        0.001471        0.001076
2000-2009       32             0.000734        0.001481        0.001109
2000-2009       33             0.000781        0.001548        0.001165
2000-2009       34             0.000843        0.001632        0.001238
2000-2009       35             0.000923        0.001724        0.001324
2000-2009       36             0.000992        0.001808        0.001399
2000-2009       37             0.001088        0.001967        0.001526
2000-2009       38             0.001189        0.002113        0.001650
2000-2009       39             0.001322        0.002247        0.001782
2000-2009       40             0.001445        0.002455        0.001947
2000-2009       41             0.001566        0.002666        0.002112
2000-2009       42             0.001706        0.002896        0.002296
2000-2009       43             0.001889        0.003142        0.002510
2000-2009       44             0.002052        0.003436        0.002737
2000-2009       45             0.002224        0.003718        0.002962
2000-2009       46             0.002402        0.004051        0.003216
2000-2009       47             0.002602        0.004390        0.003484
2000-2009       48             0.002806        0.004781        0.003778
2000-2009       49             0.003026        0.005158        0.004075
2000-2009       50             0.003271        0.005608        0.004418
2000-2009       51             0.003492        0.006013        0.004728
2000-2009       52             0.003778        0.006521        0.005120
2000-2009       53             0.004036        0.006956        0.005464
2000-2009       54             0.004359        0.007434        0.005859
2000-2009       55             0.004719        0.008097        0.006361
2000-2009       56             0.005095        0.008594        0.006795
2000-2009       57             0.005565        0.009283        0.007368
2000-2009       58             0.006089        0.010015        0.007988
2000-2009       59             0.006670        0.010841        0.008682
2000-2009       60             0.007348        0.011893        0.009532
2000-2009       61             0.007969        0.012641        0.010211
2000-2009       62             0.008774        0.013905        0.011226
2000-2009       63             0.009607        0.015129        0.012237
2000-2009       64             0.010532        0.016489        0.013358
2000-2009       65             0.011431        0.017797        0.014433
2000-2009       66             0.012406        0.019195        0.015594
2000-2009       67             0.013636        0.020877        0.017018
2000-2009       68             0.014758        0.022597        0.018397
2000-2009       69             0.016185        0.024778        0.020145
2000-2009       70             0.017902        0.027121        0.022115
2000-2009       71             0.019426        0.029353        0.023933
2000-2009       72             0.021483        0.032293        0.026339
2000-2009       73             0.023509        0.035468        0.028831
2000-2009       74             0.025933        0.038534        0.031478
2000-2009       75             0.028665        0.042715        0.034761
2000-2009       76             0.031382        0.046281        0.037766
2000-2009       77             0.034674        0.050942        0.041541
2000-2009       78             0.038321        0.055884        0.045617
2000-2009       79             0.042398        0.061605        0.050238
2000-2009       80             0.049213        0.070934        0.057885
2000-2009       81             0.054563        0.078363        0.063860
2000-2009       82             0.061286        0.086836        0.071035
2000-2009       83             0.068289        0.096116        0.078642
2000-2009       84             0.076564        0.106706        0.087476
2000-2009       85             0.085919        0.118224        0.097273
2000-2009       86             0.096553        0.132172        0.108663
2000-2009       87             0.108296        0.146161        0.120705
2000-2009       88             0.121674        0.162420        0.134499
2000-2009       89             0.136504        0.180949        0.149878
2000-2009       90             0.152489        0.199668        0.166010
2000-2009       91             0.170863        0.220478        0.184365
2000-2009       92             0.190961        0.244503        0.204752
2000-2009       93             0.212913        0.270100        0.226803
2000-2009       94             0.235253        0.298094        0.249576
2000-2009       95             0.260979        0.323706        0.274382
2000-2009       96             0.285855        0.351457        0.298991
2000-2009       97             0.313429        0.378765        0.325677
2000-2009       98             0.342136        0.407404        0.353595
2000-2009       99             0.366748        0.437574        0.378435
2000-2009      100             0.401390        0.472484        0.412308
2000-2009      101             0.436945        0.515201        0.448203
2000-2009      102             0.461984        0.518879        0.469671
2000-2009      103             0.494257        0.552118        0.501640
2000-2009      104             0.531751        0.599580        0.540022
2000-2009      105             0.567153        0.614437        0.572733
2000-2009      106             0.593773        0.683848        0.603890
2000-2009      107             0.599639        0.542186        0.593060
2000-2009      108             0.657361        0.556408        0.644751
2000-2009      109             0.608791        0.575052        0.604080
2000-2009      110+            0.680480        0.813441        0.696287
2010-2019        0             0.005327        0.006406        0.005879
2010-2019        1             0.000361        0.000435        0.000399
2010-2019        2             0.000223        0.000289        0.000257
2010-2019        3             0.000165        0.000222        0.000194
2010-2019        4             0.000137        0.000174        0.000156
2010-2019        5             0.000119        0.000146        0.000133
2010-2019        6             0.000108        0.000127        0.000118
2010-2019        7             0.000099        0.000125        0.000112
2010-2019        8             0.000099        0.000123        0.000112
2010-2019        9             0.000096        0.000122        0.000109
2010-2019       10             0.000095        0.000124        0.000110
2010-2019       11             0.000103        0.000134        0.000119
2010-2019       12             0.000112        0.000153        0.000133
2010-2019       13             0.000132        0.000186        0.000160
2010-2019       14             0.000159        0.000249        0.000205
2010-2019       15             0.000186        0.000339        0.000264
2010-2019       16             0.000233        0.000480        0.000359
2010-2019       17             0.000273        0.000634        0.000458
2010-2019       18             0.000341        0.000888        0.000622
2010-2019       19             0.000374        0.001024        0.000707
2010-2019       20             0.000404        0.001111        0.000766
2010-2019       21             0.000447        0.001260        0.000863
2010-2019       22             0.000465        0.001321        0.000903
2010-2019       23             0.000494        0.001350        0.000932
2010-2019       24             0.000514        0.001402        0.000968
2010-2019       25             0.000548        0.001435        0.001001
2010-2019       26             0.000580        0.001468        0.001032
2010-2019       27             0.000611        0.001508        0.001066
2010-2019       28             0.000653        0.001550        0.001107
2010-2019       29             0.000687        0.001586        0.001141
2010-2019       30             0.000739        0.001610        0.001179
2010-2019       31             0.000776        0.001659        0.001221
2010-2019       32             0.000831        0.001697        0.001266
2010-2019       33             0.000880        0.001748        0.001316
2010-2019       34             0.000925        0.001816        0.001372
2010-2019       35             0.000992        0.001867        0.001430
2010-2019       36             0.001051        0.001924        0.001487
2010-2019       37             0.001106        0.002005        0.001555
2010-2019       38             0.001186        0.002082        0.001632
2010-2019       39             0.001266        0.002184        0.001724
2010-2019       40             0.001348        0.002295        0.001819
2010-2019       41             0.001443        0.002414        0.001926
2010-2019       42             0.001575        0.002555        0.002062
2010-2019       43             0.001707        0.002720        0.002210
2010-2019       44             0.001846        0.002946        0.002392
2010-2019       45             0.002022        0.003212        0.002612
2010-2019       46             0.002234        0.003528        0.002875
2010-2019       47             0.002406        0.003854        0.003123
2010-2019       48             0.002638        0.004190        0.003405
2010-2019       49             0.002898        0.004597        0.003737
2010-2019       50             0.003166        0.005052        0.004096
2010-2019       51             0.003459        0.005527        0.004476
2010-2019       52             0.003746        0.006030        0.004868
2010-2019       53             0.004028        0.006566        0.005273
2010-2019       54             0.004373        0.007164        0.005739
2010-2019       55             0.004718        0.007848        0.006245
2010-2019       56             0.005097        0.008468        0.006738
2010-2019       57             0.005496        0.009167        0.007279
2010-2019       58             0.005865        0.009859        0.007800
2010-2019       59             0.006267        0.010628        0.008373
2010-2019       60             0.006752        0.011382        0.008981
2010-2019       61             0.007248        0.012220        0.009635
2010-2019       62             0.007823        0.013107        0.010353
2010-2019       63             0.008448        0.014035        0.011115
2010-2019       64             0.009121        0.014942        0.011892
2010-2019       65             0.009833        0.015907        0.012716
2010-2019       66             0.010628        0.017046        0.013665
2010-2019       67             0.011576        0.018219        0.014710
2010-2019       68             0.012651        0.019608        0.015922
2010-2019       69             0.013882        0.021204        0.017310
2010-2019       70             0.015284        0.023001        0.018880
2010-2019       71             0.016751        0.025044        0.020598
2010-2019       72             0.018463        0.027234        0.022507
2010-2019       73             0.020236        0.029710        0.024576
2010-2019       74             0.022307        0.032490        0.026937
2010-2019       75             0.024740        0.035694        0.029681
2010-2019       76             0.027198        0.039000        0.032475
2010-2019       77             0.030150        0.042909        0.035800
2010-2019       78             0.033360        0.046862        0.039275
2010-2019       79             0.037185        0.051738        0.043485
2010-2019       80             0.042040        0.057770        0.048779
2010-2019       81             0.046940        0.064269        0.054257
2010-2019       82             0.053007        0.071659        0.060754
2010-2019       83             0.059478        0.079641        0.067699
2010-2019       84             0.067097        0.089504        0.076046
2010-2019       85             0.076028        0.099745        0.085284
2010-2019       86             0.085579        0.111687        0.095518
2010-2019       87             0.097392        0.125980        0.107987
2010-2019       88             0.109566        0.140856        0.120807
2010-2019       89             0.123606        0.157437        0.135332
2010-2019       90             0.140089        0.176951        0.152389
2010-2019       91             0.156680        0.196722        0.169499
2010-2019       92             0.175354        0.220469        0.189161
2010-2019       93             0.195308        0.245761        0.209996
2010-2019       94             0.218635        0.271066        0.233098
2010-2019       95             0.243046        0.299564        0.257750
2010-2019       96             0.268589        0.330526        0.283689
2010-2019       97             0.295926        0.361375        0.310754
2010-2019       98             0.324996        0.393841        0.339476
2010-2019       99             0.350925        0.422800        0.364854
2010-2019      100             0.382846        0.459896        0.396559
2010-2019      101             0.415823        0.494174        0.428500
2010-2019      102             0.452116        0.529428        0.463568
2010-2019      103             0.479801        0.568573        0.491822
2010-2019      104             0.517704        0.578920        0.525280
2010-2019      105             0.553129        0.604838        0.559030
2010-2019      106             0.572211        0.601547        0.575357
2010-2019      107             0.583860        0.643714        0.589962
2010-2019      108             0.651405        0.617713        0.648097
2010-2019      109             0.656153        0.535438        0.643298
2010-2019      110+            0.652395        0.362703        0.603779
2020-2021        0             0.004983        0.005849        0.005426
2020-2021        1             0.000352        0.000412        0.000383
2020-2021        2             0.000217        0.000267        0.000242
2020-2021        3             0.000159        0.000215        0.000188
2020-2021        4             0.000133        0.000163        0.000148
2020-2021        5             0.000111        0.000150        0.000131
2020-2021        6             0.000104        0.000133        0.000119
2020-2021        7             0.000103        0.000121        0.000112
2020-2021        8             0.000098        0.000110        0.000104
2020-2021        9             0.000088        0.000117        0.000103
2020-2021       10             0.000096        0.000134        0.000115
2020-2021       11             0.000105        0.000144        0.000125
2020-2021       12             0.000125        0.000156        0.000141
2020-2021       13             0.000151        0.000223        0.000188
2020-2021       14             0.000177        0.000303        0.000241
2020-2021       15             0.000212        0.000417        0.000317
2020-2021       16             0.000269        0.000592        0.000434
2020-2021       17             0.000314        0.000800        0.000563
2020-2021       18             0.000425        0.001110        0.000775
2020-2021       19             0.000452        0.001329        0.000900
2020-2021       20             0.000505        0.001380        0.000952
2020-2021       21             0.000572        0.001576        0.001084
2020-2021       22             0.000592        0.001663        0.001138
2020-2021       23             0.000657        0.001715        0.001196
2020-2021       24             0.000685        0.001811        0.001259
2020-2021       25             0.000744        0.001927        0.001347
2020-2021       26             0.000782        0.001998        0.001402
2020-2021       27             0.000845        0.002113        0.001490
2020-2021       28             0.000892        0.002225        0.001569
2020-2021       29             0.000980        0.002353        0.001675
2020-2021       30             0.001051        0.002461        0.001764
2020-2021       31             0.001093        0.002558        0.001833
2020-2021       32             0.001206        0.002612        0.001916
2020-2021       33             0.001295        0.002700        0.002006
2020-2021       34             0.001330        0.002770        0.002059
2020-2021       35             0.001413        0.002869        0.002149
2020-2021       36             0.001490        0.002964        0.002235
2020-2021       37             0.001595        0.003085        0.002347
2020-2021       38             0.001664        0.003198        0.002437
2020-2021       39             0.001775        0.003405        0.002596
2020-2021       40             0.001888        0.003561        0.002729
2020-2021       41             0.002032        0.003711        0.002875
2020-2021       42             0.002139        0.003821        0.002982
2020-2021       43             0.002255        0.004029        0.003143
2020-2021       44             0.002395        0.004190        0.003293
2020-2021       45             0.002562        0.004419        0.003489
2020-2021       46             0.002786        0.004759        0.003770
2020-2021       47             0.002974        0.005037        0.004002
2020-2021       48             0.003201        0.005497        0.004345
2020-2021       49             0.003433        0.005843        0.004636
2020-2021       50             0.003772        0.006369        0.005070
2020-2021       51             0.004033        0.006765        0.005397
2020-2021       52             0.004370        0.007386        0.005873
2020-2021       53             0.004703        0.007910        0.006298
2020-2021       54             0.005042        0.008619        0.006817
2020-2021       55             0.005520        0.009392        0.007434
2020-2021       56             0.006022        0.010255        0.008109
2020-2021       57             0.006557        0.010938        0.008712
2020-2021       58             0.006952        0.011837        0.009349
2020-2021       59             0.007694        0.012688        0.010141
2020-2021       60             0.008323        0.013898        0.011049
2020-2021       61             0.008997        0.014946        0.011897
2020-2021       62             0.009625        0.015943        0.012693
2020-2021       63             0.010377        0.017238        0.013697
2020-2021       64             0.011114        0.018340        0.014594
2020-2021       65             0.011845        0.019452        0.015489
2020-2021       66             0.012577        0.020715        0.016457
2020-2021       67             0.013502        0.021965        0.017518
2020-2021       68             0.014506        0.023445        0.018729
2020-2021       69             0.015635        0.024844        0.019966
2020-2021       70             0.017095        0.026925        0.021697
2020-2021       71             0.018849        0.028704        0.023446
2020-2021       72             0.020712        0.031075        0.025537
2020-2021       73             0.022534        0.033293        0.027548
2020-2021       74             0.025110        0.036630        0.030449
2020-2021       75             0.027816        0.040374        0.033574
2020-2021       76             0.030992        0.044722        0.037230
2020-2021       77             0.034523        0.049411        0.041239
2020-2021       78             0.038231        0.054625        0.045561
2020-2021       79             0.042236        0.059809        0.050012
2020-2021       80             0.047222        0.065648        0.055281
2020-2021       81             0.052447        0.072379        0.061065
2020-2021       82             0.058700        0.079696        0.067666
2020-2021       83             0.065443        0.088945        0.075332
2020-2021       84             0.073393        0.098395        0.083746
2020-2021       85             0.083791        0.112335        0.095344
2020-2021       86             0.093788        0.124706        0.105983
2020-2021       87             0.105947        0.140897        0.119418
2020-2021       88             0.120853        0.157719        0.134841
2020-2021       89             0.135173        0.167857        0.147483
2020-2021       90             0.151340        0.182586        0.162848
2020-2021       91             0.168284        0.204866        0.181240
2020-2021       92             0.188456        0.228189        0.201914
2020-2021       93             0.211918        0.254270        0.225580
2020-2021       94             0.234677        0.279545        0.248401
2020-2021       95             0.260677        0.312735        0.275693
2020-2021       96             0.289347        0.340592        0.303309
2020-2021       97             0.317648        0.376168        0.332688
2020-2021       98             0.345482        0.407516        0.360355
2020-2021       99             0.376290        0.447201        0.392034
2020-2021      100             0.415863        0.476248        0.428276
2020-2021      101             0.441797        0.524789        0.457546
2020-2021      102             0.474438        0.547081        0.486969
2020-2021      103             0.522189        0.578109        0.530898
2020-2021      104             0.543129        0.570902        0.547079
2020-2021      105             0.592401        0.635303        0.598177
2020-2021      106             0.590839        0.678924        0.601823
2020-2021      107             0.629639        0.709180        0.638419
2020-2021      108             0.672841        0.587689        0.663930
2020-2021      109             0.686745        0.629817        0.680506
2020-2021      110+            0.831300        0.392726        0.744747
