Spain, Death rates (period 1x10), 	Last modified: 23 Feb 2022;  Methods Protocol: v6 (2017)

  Year          Age             Female            Male           Total
1908-1909        0             0.162069        0.192384        0.177544
1908-1909        1             0.080988        0.084188        0.082605
1908-1909        2             0.043217        0.044362        0.043794
1908-1909        3             0.024586        0.025314        0.024953
1908-1909        4             0.016583        0.016531        0.016557
1908-1909        5             0.010800        0.010858        0.010829
1908-1909        6             0.009150        0.008627        0.008886
1908-1909        7             0.006092        0.005967        0.006029
1908-1909        8             0.004690        0.004530        0.004610
1908-1909        9             0.003748        0.003779        0.003763
1908-1909       10             0.003668        0.003355        0.003512
1908-1909       11             0.003354        0.003099        0.003226
1908-1909       12             0.003619        0.003344        0.003482
1908-1909       13             0.003727        0.003416        0.003574
1908-1909       14             0.004632        0.003934        0.004292
1908-1909       15             0.004720        0.003855        0.004300
1908-1909       16             0.005341        0.004359        0.004871
1908-1909       17             0.005743        0.006101        0.005909
1908-1909       18             0.006686        0.007700        0.007150
1908-1909       19             0.006118        0.007241        0.006650
1908-1909       20             0.007264        0.007226        0.007246
1908-1909       21             0.006223        0.006599        0.006407
1908-1909       22             0.008220        0.008358        0.008286
1908-1909       23             0.007495        0.008167        0.007810
1908-1909       24             0.008243        0.008260        0.008251
1908-1909       25             0.008161        0.008040        0.008103
1908-1909       26             0.008431        0.007699        0.008081
1908-1909       27             0.007182        0.006914        0.007056
1908-1909       28             0.008126        0.007673        0.007915
1908-1909       29             0.006650        0.006559        0.006607
1908-1909       30             0.014235        0.010327        0.012333
1908-1909       31             0.006177        0.005947        0.006066
1908-1909       32             0.009970        0.008707        0.009364
1908-1909       33             0.008354        0.008490        0.008418
1908-1909       34             0.008997        0.008368        0.008700
1908-1909       35             0.009860        0.010114        0.009981
1908-1909       36             0.010528        0.009757        0.010158
1908-1909       37             0.006822        0.007196        0.007001
1908-1909       38             0.007927        0.008470        0.008186
1908-1909       39             0.006605        0.007522        0.007048
1908-1909       40             0.020203        0.018207        0.019223
1908-1909       41             0.006846        0.007935        0.007377
1908-1909       42             0.011487        0.013109        0.012280
1908-1909       43             0.007215        0.009407        0.008288
1908-1909       44             0.010300        0.012173        0.011211
1908-1909       45             0.013317        0.016986        0.015089
1908-1909       46             0.011355        0.014418        0.012841
1908-1909       47             0.007246        0.011191        0.009140
1908-1909       48             0.009529        0.013696        0.011506
1908-1909       49             0.008522        0.011882        0.010146
1908-1909       50             0.030141        0.030234        0.030187
1908-1909       51             0.009747        0.013453        0.011550
1908-1909       52             0.015849        0.020858        0.018243
1908-1909       53             0.011361        0.015841        0.013504
1908-1909       54             0.017144        0.022210        0.019568
1908-1909       55             0.021081        0.026292        0.023560
1908-1909       56             0.021674        0.028395        0.024882
1908-1909       57             0.012972        0.018656        0.015608
1908-1909       58             0.015953        0.021719        0.018565
1908-1909       59             0.013965        0.021611        0.017545
1908-1909       60             0.075741        0.064400        0.070138
1908-1909       61             0.020248        0.026531        0.023328
1908-1909       62             0.035227        0.042755        0.038849
1908-1909       63             0.029161        0.036190        0.032528
1908-1909       64             0.044925        0.050144        0.047468
1908-1909       65             0.056810        0.061153        0.058929
1908-1909       66             0.055511        0.062490        0.058861
1908-1909       67             0.037849        0.047859        0.042517
1908-1909       68             0.045118        0.055121        0.049699
1908-1909       69             0.033079        0.043717        0.038065
1908-1909       70             0.203291        0.163242        0.183627
1908-1909       71             0.052764        0.059495        0.056102
1908-1909       72             0.103083        0.101300        0.102207
1908-1909       73             0.074298        0.083209        0.078588
1908-1909       74             0.102730        0.112528        0.107418
1908-1909       75             0.147107        0.148117        0.147595
1908-1909       76             0.134541        0.139204        0.136788
1908-1909       77             0.093586        0.123609        0.107083
1908-1909       78             0.116566        0.153685        0.132267
1908-1909       79             0.079430        0.113419        0.094005
1908-1909       80             0.267154        0.266643        0.266940
1908-1909       81             0.077153        0.096198        0.085125
1908-1909       82             0.145551        0.179510        0.159540
1908-1909       83             0.119062        0.151221        0.132033
1908-1909       84             0.196474        0.239309        0.213401
1908-1909       85             0.200919        0.235620        0.214329
1908-1909       86             0.192062        0.243977        0.211662
1908-1909       87             0.170372        0.225809        0.190835
1908-1909       88             0.211608        0.295006        0.241693
1908-1909       89             0.168976        0.230749        0.190511
1908-1909       90             0.395259        0.417697        0.402816
1908-1909       91             0.128638        0.163908        0.140064
1908-1909       92             0.200042        0.225253        0.207877
1908-1909       93             0.191989        0.231561        0.203898
1908-1909       94             0.240657        0.237305        0.239660
1908-1909       95             0.306609        0.322821        0.311422
1908-1909       96             0.341182        0.380577        0.352400
1908-1909       97             0.347482        0.352317        0.348766
1908-1909       98             0.427344        0.436802        0.429730
1908-1909       99             0.334912        0.407323        0.351914
1908-1909      100             0.561508        0.575446        0.564434
1908-1909      101             0.339722        0.458032        0.363971
1908-1909      102             0.348215        0.467126        0.372544
1908-1909      103             0.364622        0.539553        0.396232
1908-1909      104             0.381081        0.708120        0.427723
1908-1909      105             0.405200        1.044643        0.470356
1908-1909      106             0.452968        1.325740        0.507633
1908-1909      107             0.538484        6.000000        0.591524
1908-1909      108             0.532895              .        0.532895
1908-1909      109             0.995902              .        0.995902
1908-1909      110+            6.000000              .        6.000000
1910-1919        0             0.163229        0.187321        0.175708
1910-1919        1             0.078952        0.081172        0.080089
1910-1919        2             0.041953        0.042792        0.042380
1910-1919        3             0.024592        0.024564        0.024578
1910-1919        4             0.016530        0.016396        0.016462
1910-1919        5             0.011474        0.011465        0.011469
1910-1919        6             0.009661        0.008958        0.009307
1910-1919        7             0.006594        0.006300        0.006446
1910-1919        8             0.005305        0.004951        0.005127
1910-1919        9             0.004516        0.004257        0.004386
1910-1919       10             0.004293        0.004024        0.004159
1910-1919       11             0.003810        0.003497        0.003654
1910-1919       12             0.004085        0.003685        0.003886
1910-1919       13             0.004001        0.003469        0.003738
1910-1919       14             0.004935        0.004095        0.004521
1910-1919       15             0.005358        0.004431        0.004902
1910-1919       16             0.005880        0.005133        0.005514
1910-1919       17             0.006614        0.006575        0.006595
1910-1919       18             0.007524        0.008139        0.007822
1910-1919       19             0.006678        0.007493        0.007070
1910-1919       20             0.008076        0.007856        0.007971
1910-1919       21             0.006807        0.007633        0.007201
1910-1919       22             0.009351        0.009441        0.009394
1910-1919       23             0.008836        0.009063        0.008944
1910-1919       24             0.009426        0.008836        0.009146
1910-1919       25             0.009401        0.008908        0.009167
1910-1919       26             0.009693        0.008851        0.009292
1910-1919       27             0.008994        0.008753        0.008879
1910-1919       28             0.010805        0.009771        0.010311
1910-1919       29             0.007576        0.007644        0.007609
1910-1919       30             0.013145        0.010971        0.012107
1910-1919       31             0.006324        0.006633        0.006471
1910-1919       32             0.010648        0.009873        0.010278
1910-1919       33             0.009550        0.009909        0.009722
1910-1919       34             0.010024        0.009696        0.009867
1910-1919       35             0.010819        0.010534        0.010683
1910-1919       36             0.010812        0.010298        0.010566
1910-1919       37             0.008157        0.008852        0.008489
1910-1919       38             0.011115        0.011376        0.011240
1910-1919       39             0.007333        0.008631        0.007955
1910-1919       40             0.017199        0.016534        0.016880
1910-1919       41             0.006251        0.007762        0.006975
1910-1919       42             0.011556        0.013643        0.012557
1910-1919       43             0.008202        0.010274        0.009198
1910-1919       44             0.010403        0.012803        0.011560
1910-1919       45             0.012903        0.016461        0.014622
1910-1919       46             0.010582        0.013782        0.012129
1910-1919       47             0.008602        0.012327        0.010403
1910-1919       48             0.012849        0.016891        0.014804
1910-1919       49             0.008406        0.012600        0.010432
1910-1919       50             0.023751        0.025886        0.024782
1910-1919       51             0.008165        0.012374        0.010198
1910-1919       52             0.015452        0.020839        0.018052
1910-1919       53             0.011749        0.017049        0.014300
1910-1919       54             0.016400        0.021522        0.018856
1910-1919       55             0.018728        0.024212        0.021351
1910-1919       56             0.020112        0.025461        0.022664
1910-1919       57             0.015160        0.021440        0.018145
1910-1919       58             0.022740        0.030102        0.026224
1910-1919       59             0.015338        0.023439        0.019152
1910-1919       60             0.055991        0.055309        0.055671
1910-1919       61             0.017213        0.024532        0.020654
1910-1919       62             0.033443        0.042147        0.037532
1910-1919       63             0.029403        0.039276        0.034037
1910-1919       64             0.040488        0.048633        0.044304
1910-1919       65             0.050725        0.058022        0.054145
1910-1919       66             0.047253        0.056746        0.051707
1910-1919       67             0.041647        0.052844        0.046892
1910-1919       68             0.058194        0.066969        0.062294
1910-1919       69             0.036501        0.047909        0.041838
1910-1919       70             0.150759        0.134659        0.143188
1910-1919       71             0.044508        0.055155        0.049539
1910-1919       72             0.093108        0.104932        0.098680
1910-1919       73             0.077659        0.095053        0.085824
1910-1919       74             0.104666        0.120020        0.111842
1910-1919       75             0.141555        0.152342        0.146567
1910-1919       76             0.130156        0.144870        0.136937
1910-1919       77             0.113755        0.143819        0.127450
1910-1919       78             0.172984        0.203202        0.186495
1910-1919       79             0.100729        0.132316        0.114556
1910-1919       80             0.265920        0.265838        0.265887
1910-1919       81             0.078848        0.106081        0.089857
1910-1919       82             0.153492        0.186015        0.166479
1910-1919       83             0.116490        0.157629        0.132668
1910-1919       84             0.196868        0.245205        0.215487
1910-1919       85             0.211146        0.249589        0.225630
1910-1919       86             0.208674        0.255870        0.226080
1910-1919       87             0.177018        0.235825        0.198093
1910-1919       88             0.233050        0.301720        0.256787
1910-1919       89             0.159348        0.230868        0.183095
1910-1919       90             0.429366        0.453922        0.437312
1910-1919       91             0.139265        0.175078        0.150698
1910-1919       92             0.233509        0.284352        0.249362
1910-1919       93             0.197400        0.257135        0.215408
1910-1919       94             0.244491        0.299498        0.260509
1910-1919       95             0.323642        0.351125        0.331469
1910-1919       96             0.369907        0.428066        0.386159
1910-1919       97             0.332877        0.390078        0.348315
1910-1919       98             0.507719        0.578362        0.525966
1910-1919       99             0.434244        0.526695        0.456632
1910-1919      100             0.482804        0.475126        0.481028
1910-1919      101             0.491152        0.559963        0.506730
1910-1919      102             0.519356        0.600577        0.536566
1910-1919      103             0.546564        0.659281        0.568704
1910-1919      104             0.587244        0.743762        0.615332
1910-1919      105             0.632943        0.917010        0.675062
1910-1919      106             0.695209        1.270504        0.756267
1910-1919      107             0.820997        2.574431        0.886448
1910-1919      108             1.035358        6.000000        1.057018
1910-1919      109             1.197838              .        1.197838
1910-1919      110+            2.337423              .        2.337423
1920-1929        0             0.144254        0.164159        0.154536
1920-1929        1             0.062464        0.063422        0.062954
1920-1929        2             0.031719        0.032160        0.031944
1920-1929        3             0.017336        0.017399        0.017368
1920-1929        4             0.011709        0.011533        0.011620
1920-1929        5             0.007800        0.008060        0.007932
1920-1929        6             0.006634        0.006707        0.006671
1920-1929        7             0.004522        0.004627        0.004575
1920-1929        8             0.003671        0.003808        0.003740
1920-1929        9             0.003150        0.003327        0.003239
1920-1929       10             0.003027        0.003101        0.003064
1920-1929       11             0.002898        0.002864        0.002881
1920-1929       12             0.003078        0.002925        0.003001
1920-1929       13             0.003152        0.002859        0.003006
1920-1929       14             0.003800        0.003312        0.003557
1920-1929       15             0.004038        0.003305        0.003674
1920-1929       16             0.004464        0.003910        0.004189
1920-1929       17             0.005121        0.004965        0.005044
1920-1929       18             0.005904        0.006125        0.006013
1920-1929       19             0.005328        0.005930        0.005622
1920-1929       20             0.006045        0.006153        0.006098
1920-1929       21             0.005058        0.005931        0.005481
1920-1929       22             0.006857        0.006999        0.006926
1920-1929       23             0.006445        0.007054        0.006739
1920-1929       24             0.006774        0.006918        0.006844
1920-1929       25             0.006730        0.006921        0.006822
1920-1929       26             0.006902        0.006730        0.006820
1920-1929       27             0.006592        0.006704        0.006645
1920-1929       28             0.007685        0.007163        0.007435
1920-1929       29             0.005617        0.005941        0.005772
1920-1929       30             0.009003        0.007737        0.008397
1920-1929       31             0.004687        0.005025        0.004849
1920-1929       32             0.007473        0.007244        0.007363
1920-1929       33             0.007001        0.007540        0.007259
1920-1929       34             0.007214        0.007310        0.007260
1920-1929       35             0.007972        0.008182        0.008073
1920-1929       36             0.007809        0.008079        0.007939
1920-1929       37             0.006568        0.007561        0.007046
1920-1929       38             0.008566        0.009341        0.008939
1920-1929       39             0.006009        0.007479        0.006717
1920-1929       40             0.012339        0.013127        0.012719
1920-1929       41             0.005141        0.006724        0.005903
1920-1929       42             0.009369        0.011929        0.010598
1920-1929       43             0.006697        0.009337        0.007963
1920-1929       44             0.008139        0.011253        0.009630
1920-1929       45             0.010482        0.014568        0.012437
1920-1929       46             0.008592        0.012298        0.010363
1920-1929       47             0.007627        0.011450        0.009453
1920-1929       48             0.010702        0.015639        0.013059
1920-1929       49             0.007547        0.012258        0.009793
1920-1929       50             0.017663        0.022853        0.020136
1920-1929       51             0.007175        0.011391        0.009180
1920-1929       52             0.012988        0.019573        0.016114
1920-1929       53             0.010429        0.016519        0.013319
1920-1929       54             0.013715        0.019876        0.016645
1920-1929       55             0.016208        0.023338        0.019605
1920-1929       56             0.016786        0.023849        0.020152
1920-1929       57             0.013273        0.020794        0.016857
1920-1929       58             0.020058        0.028413        0.024037
1920-1929       59             0.014093        0.023588        0.018598
1920-1929       60             0.042741        0.048217        0.045333
1920-1929       61             0.015165        0.023328        0.019027
1920-1929       62             0.029312        0.040132        0.034422
1920-1929       63             0.026558        0.038637        0.032240
1920-1929       64             0.034688        0.044985        0.039514
1920-1929       65             0.044794        0.055284        0.049692
1920-1929       66             0.040922        0.053481        0.046758
1920-1929       67             0.038284        0.052543        0.044881
1920-1929       68             0.051988        0.062239        0.056711
1920-1929       69             0.033617        0.046230        0.039395
1920-1929       70             0.113495        0.109937        0.111867
1920-1929       71             0.038827        0.052519        0.045079
1920-1929       72             0.081809        0.098118        0.089210
1920-1929       73             0.070148        0.091762        0.079892
1920-1929       74             0.089604        0.111987        0.099619
1920-1929       75             0.125196        0.144779        0.133900
1920-1929       76             0.113931        0.135281        0.123354
1920-1929       77             0.109508        0.140990        0.123242
1920-1929       78             0.160974        0.194230        0.175259
1920-1929       79             0.096197        0.130540        0.110703
1920-1929       80             0.218473        0.233192        0.224195
1920-1929       81             0.074497        0.104195        0.085952
1920-1929       82             0.143179        0.177552        0.156253
1920-1929       83             0.114057        0.156521        0.129924
1920-1929       84             0.179051        0.233892        0.199055
1920-1929       85             0.201800        0.246197        0.217554
1920-1929       86             0.193400        0.244395        0.211033
1920-1929       87             0.175442        0.235648        0.195627
1920-1929       88             0.212411        0.296035        0.239318
1920-1929       89             0.160297        0.231463        0.182121
1920-1929       90             0.380740        0.400685        0.386680
1920-1929       91             0.126115        0.161302        0.136481
1920-1929       92             0.221062        0.272829        0.236012
1920-1929       93             0.204089        0.269836        0.222448
1920-1929       94             0.233422        0.294919        0.249866
1920-1929       95             0.320535        0.345772        0.327072
1920-1929       96             0.361499        0.436073        0.380297
1920-1929       97             0.327577        0.408768        0.347003
1920-1929       98             0.496984        0.554232        0.510042
1920-1929       99             0.388578        0.505617        0.413970
1920-1929      100             0.569206        0.639073        0.583462
1920-1929      101             0.409501        0.488336        0.425100
1920-1929      102             0.426282        0.495368        0.439641
1920-1929      103             0.445124        0.519943        0.458933
1920-1929      104             0.463811        0.577427        0.482811
1920-1929      105             0.488612        0.704380        0.519122
1920-1929      106             0.515685        0.472356        0.510980
1920-1929      107             0.559110        0.000000        0.498783
1920-1929      108             0.741354        0.000000        0.647935
1920-1929      109             0.510107        0.000000        0.404145
1920-1929      110+            0.000000        0.000000        0.000000
1930-1939        0             0.122350        0.144341        0.133613
1930-1939        1             0.041537        0.043811        0.042693
1930-1939        2             0.018482        0.019310        0.018903
1930-1939        3             0.010365        0.010714        0.010542
1930-1939        4             0.007173        0.007397        0.007286
1930-1939        5             0.005170        0.005556        0.005365
1930-1939        6             0.004337        0.004597        0.004469
1930-1939        7             0.003223        0.003598        0.003412
1930-1939        8             0.002706        0.003081        0.002895
1930-1939        9             0.002384        0.002800        0.002594
1930-1939       10             0.002264        0.002603        0.002435
1930-1939       11             0.002154        0.002441        0.002298
1930-1939       12             0.002295        0.002569        0.002432
1930-1939       13             0.002346        0.002437        0.002391
1930-1939       14             0.002867        0.002974        0.002920
1930-1939       15             0.003020        0.003119        0.003069
1930-1939       16             0.003332        0.003736        0.003531
1930-1939       17             0.003830        0.004880        0.004345
1930-1939       18             0.004427        0.006798        0.005585
1930-1939       19             0.004063        0.007270        0.005619
1930-1939       20             0.004609        0.007950        0.006221
1930-1939       21             0.004153        0.007864        0.005942
1930-1939       22             0.005210        0.008557        0.006826
1930-1939       23             0.005160        0.008649        0.006844
1930-1939       24             0.005294        0.008511        0.006846
1930-1939       25             0.005111        0.008526        0.006759
1930-1939       26             0.005345        0.008100        0.006677
1930-1939       27             0.005199        0.008137        0.006623
1930-1939       28             0.005698        0.008625        0.007119
1930-1939       29             0.004459        0.007150        0.005768
1930-1939       30             0.006503        0.008588        0.007518
1930-1939       31             0.003807        0.006136        0.004938
1930-1939       32             0.005729        0.008214        0.006932
1930-1939       33             0.005550        0.008163        0.006814
1930-1939       34             0.005333        0.008053        0.006648
1930-1939       35             0.006264        0.009218        0.007690
1930-1939       36             0.006149        0.009746        0.007882
1930-1939       37             0.005440        0.008461        0.006894
1930-1939       38             0.006853        0.009211        0.007988
1930-1939       39             0.005210        0.008648        0.006867
1930-1939       40             0.009288        0.012572        0.010872
1930-1939       41             0.004531        0.008086        0.006243
1930-1939       42             0.007711        0.012464        0.010001
1930-1939       43             0.005942        0.010290        0.008036
1930-1939       44             0.006972        0.011615        0.009208
1930-1939       45             0.009016        0.015320        0.012049
1930-1939       46             0.007705        0.012857        0.010181
1930-1939       47             0.007054        0.012671        0.009754
1930-1939       48             0.009487        0.015867        0.012557
1930-1939       49             0.007177        0.013264        0.010114
1930-1939       50             0.014155        0.020887        0.017402
1930-1939       51             0.006821        0.012868        0.009722
1930-1939       52             0.011722        0.019434        0.015403
1930-1939       53             0.009895        0.017499        0.013506
1930-1939       54             0.012215        0.020176        0.015980
1930-1939       55             0.014362        0.023288        0.018566
1930-1939       56             0.015119        0.024257        0.019403
1930-1939       57             0.012744        0.021984        0.017061
1930-1939       58             0.018089        0.028488        0.022928
1930-1939       59             0.013807        0.024853        0.018932
1930-1939       60             0.032187        0.043151        0.037258
1930-1939       61             0.015438        0.023738        0.019267
1930-1939       62             0.025926        0.039251        0.032058
1930-1939       63             0.024257        0.037498        0.030331
1930-1939       64             0.030035        0.043041        0.036005
1930-1939       65             0.040053        0.054474        0.046680
1930-1939       66             0.036153        0.050894        0.042921
1930-1939       67             0.036102        0.052420        0.043576
1930-1939       68             0.045688        0.060531        0.052462
1930-1939       69             0.032616        0.048158        0.039699
1930-1939       70             0.088824        0.096917        0.092512
1930-1939       71             0.038545        0.054628        0.045864
1930-1939       72             0.073931        0.094693        0.083327
1930-1939       73             0.065351        0.090671        0.076692
1930-1939       74             0.082162        0.105881        0.092659
1930-1939       75             0.108612        0.134699        0.120011
1930-1939       76             0.101140        0.128849        0.113081
1930-1939       77             0.098491        0.135593        0.114251
1930-1939       78             0.145717        0.181933        0.160803
1930-1939       79             0.093231        0.129322        0.107959
1930-1939       80             0.193428        0.209730        0.199657
1930-1939       81             0.080142        0.112791        0.092445
1930-1939       82             0.143842        0.184566        0.158862
1930-1939       83             0.118806        0.165166        0.135468
1930-1939       84             0.179835        0.232388        0.198194
1930-1939       85             0.197958        0.246799        0.214537
1930-1939       86             0.196700        0.256008        0.216246
1930-1939       87             0.185966        0.244222        0.204521
1930-1939       88             0.225889        0.306401        0.250486
1930-1939       89             0.182387        0.256207        0.203805
1930-1939       90             0.359357        0.395297        0.369417
1930-1939       91             0.141068        0.191863        0.154971
1930-1939       92             0.230881        0.295865        0.248088
1930-1939       93             0.201387        0.270252        0.218925
1930-1939       94             0.228234        0.310479        0.248322
1930-1939       95             0.287521        0.336231        0.298955
1930-1939       96             0.334529        0.394691        0.348295
1930-1939       97             0.320000        0.385466        0.334596
1930-1939       98             0.461668        0.601159        0.491135
1930-1939       99             0.417544        0.584769        0.448976
1930-1939      100             0.570263        0.603974        0.576012
1930-1939      101             0.291673        0.351388        0.301502
1930-1939      102             0.393183        0.448824        0.401745
1930-1939      103             0.381870        0.386001        0.382494
1930-1939      104             0.363780        0.358124        0.362887
1930-1939      105             0.507633        0.529725        0.511169
1930-1939      106             0.382592        0.387247        0.383319
1930-1939      107             0.418923        0.427061        0.420183
1930-1939      108             0.343245        0.377698        0.348643
1930-1939      109             0.243505        0.537471        0.286647
1930-1939      110+            0.473671        1.051897        0.523729
1940-1949        0             0.099293        0.115984        0.107837
1940-1949        1             0.022357        0.022840        0.022604
1940-1949        2             0.011036        0.011377        0.011210
1940-1949        3             0.006598        0.006907        0.006755
1940-1949        4             0.004782        0.005112        0.004950
1940-1949        5             0.003641        0.003963        0.003804
1940-1949        6             0.003037        0.003212        0.003126
1940-1949        7             0.002454        0.002813        0.002636
1940-1949        8             0.002022        0.002327        0.002176
1940-1949        9             0.001863        0.002161        0.002013
1940-1949       10             0.001706        0.002042        0.001875
1940-1949       11             0.001681        0.001907        0.001794
1940-1949       12             0.001763        0.001936        0.001850
1940-1949       13             0.001806        0.001906        0.001856
1940-1949       14             0.002141        0.002223        0.002182
1940-1949       15             0.002247        0.002290        0.002269
1940-1949       16             0.002573        0.002632        0.002603
1940-1949       17             0.002979        0.003241        0.003109
1940-1949       18             0.003361        0.004280        0.003817
1940-1949       19             0.003181        0.004310        0.003739
1940-1949       20             0.003526        0.005144        0.004323
1940-1949       21             0.003329        0.005593        0.004436
1940-1949       22             0.004071        0.006421        0.005207
1940-1949       23             0.004064        0.006602        0.005282
1940-1949       24             0.004011        0.006708        0.005295
1940-1949       25             0.004030        0.006862        0.005369
1940-1949       26             0.004167        0.006733        0.005374
1940-1949       27             0.004105        0.006955        0.005437
1940-1949       28             0.004419        0.007305        0.005760
1940-1949       29             0.003661        0.006511        0.004978
1940-1949       30             0.004727        0.007443        0.005981
1940-1949       31             0.003167        0.005767        0.004378
1940-1949       32             0.004367        0.007288        0.005739
1940-1949       33             0.004297        0.007260        0.005696
1940-1949       34             0.004154        0.006837        0.005426
1940-1949       35             0.004625        0.007334        0.005913
1940-1949       36             0.004585        0.007350        0.005904
1940-1949       37             0.004380        0.006962        0.005615
1940-1949       38             0.005135        0.007786        0.006408
1940-1949       39             0.004217        0.007115        0.005604
1940-1949       40             0.006296        0.009538        0.007838
1940-1949       41             0.003819        0.006982        0.005323
1940-1949       42             0.005664        0.009852        0.007655
1940-1949       43             0.004930        0.008746        0.006743
1940-1949       44             0.005400        0.009554        0.007373
1940-1949       45             0.006783        0.011780        0.009156
1940-1949       46             0.006071        0.010917        0.008371
1940-1949       47             0.006118        0.011130        0.008488
1940-1949       48             0.007475        0.013062        0.010105
1940-1949       49             0.006443        0.012150        0.009123
1940-1949       50             0.010316        0.017074        0.013489
1940-1949       51             0.006048        0.012148        0.008919
1940-1949       52             0.009514        0.017096        0.013089
1940-1949       53             0.008542        0.016269        0.012181
1940-1949       54             0.010174        0.017974        0.013833
1940-1949       55             0.011405        0.020231        0.015526
1940-1949       56             0.012446        0.021545        0.016674
1940-1949       57             0.011141        0.020548        0.015493
1940-1949       58             0.014936        0.025338        0.019733
1940-1949       59             0.012577        0.023761        0.017706
1940-1949       60             0.022776        0.034499        0.028100
1940-1949       61             0.013082        0.023255        0.017672
1940-1949       62             0.020683        0.033922        0.026627
1940-1949       63             0.020517        0.035038        0.027011
1940-1949       64             0.023547        0.038173        0.030046
1940-1949       65             0.032103        0.047493        0.038899
1940-1949       66             0.029262        0.044191        0.035826
1940-1949       67             0.031040        0.047570        0.038263
1940-1949       68             0.036905        0.052375        0.043613
1940-1949       69             0.030374        0.046616        0.037357
1940-1949       70             0.061466        0.074437        0.066994
1940-1949       71             0.034703        0.051357        0.041772
1940-1949       72             0.058781        0.080558        0.067970
1940-1949       73             0.055458        0.080254        0.065864
1940-1949       74             0.066400        0.090443        0.076450
1940-1949       75             0.084416        0.110398        0.095218
1940-1949       76             0.083869        0.110196        0.094744
1940-1949       77             0.084489        0.118576        0.098424
1940-1949       78             0.116377        0.153284        0.131218
1940-1949       79             0.084919        0.118074        0.097993
1940-1949       80             0.157321        0.177010        0.164750
1940-1949       81             0.083414        0.115520        0.095367
1940-1949       82             0.135114        0.178024        0.150737
1940-1949       83             0.123543        0.166608        0.138778
1940-1949       84             0.169483        0.223797        0.188061
1940-1949       85             0.185863        0.232474        0.201213
1940-1949       86             0.192171        0.242072        0.208010
1940-1949       87             0.188580        0.245055        0.205803
1940-1949       88             0.221678        0.291440        0.241993
1940-1949       89             0.195179        0.272489        0.216465
1940-1949       90             0.315915        0.345340        0.323664
1940-1949       91             0.157305        0.205761        0.169700
1940-1949       92             0.245179        0.308793        0.260794
1940-1949       93             0.232909        0.309210        0.250664
1940-1949       94             0.253368        0.301579        0.264039
1940-1949       95             0.308768        0.346798        0.316901
1940-1949       96             0.355999        0.416893        0.368526
1940-1949       97             0.362644        0.430660        0.375894
1940-1949       98             0.508098        0.596189        0.524305
1940-1949       99             0.443202        0.578588        0.466240
1940-1949      100             0.530852        0.661937        0.550879
1940-1949      101             0.303996        0.365010        0.312642
1940-1949      102             0.422680        0.473172        0.429755
1940-1949      103             0.451955        0.395025        0.443819
1940-1949      104             0.448804        0.541042        0.461873
1940-1949      105             0.433352        0.604868        0.455347
1940-1949      106             0.393427        0.408395        0.395267
1940-1949      107             0.353079        0.406631        0.360089
1940-1949      108             0.295143        0.256410        0.289946
1940-1949      109             0.209392        0.305820        0.221303
1940-1949      110+            0.451873        0.351862        0.440290
1950-1959        0             0.054380        0.066047        0.060356
1950-1959        1             0.007843        0.007887        0.007865
1950-1959        2             0.004194        0.004465        0.004333
1950-1959        3             0.002599        0.002713        0.002657
1950-1959        4             0.001836        0.002045        0.001943
1950-1959        5             0.001398        0.001587        0.001495
1950-1959        6             0.001228        0.001398        0.001315
1950-1959        7             0.001016        0.001186        0.001103
1950-1959        8             0.000873        0.001001        0.000938
1950-1959        9             0.000753        0.000931        0.000844
1950-1959       10             0.000749        0.000954        0.000853
1950-1959       11             0.000671        0.000846        0.000760
1950-1959       12             0.000720        0.000860        0.000791
1950-1959       13             0.000741        0.000892        0.000818
1950-1959       14             0.000845        0.001055        0.000952
1950-1959       15             0.000847        0.001096        0.000973
1950-1959       16             0.000951        0.001166        0.001060
1950-1959       17             0.001062        0.001362        0.001213
1950-1959       18             0.001148        0.001653        0.001402
1950-1959       19             0.001122        0.001667        0.001395
1950-1959       20             0.001330        0.001844        0.001587
1950-1959       21             0.001231        0.001800        0.001514
1950-1959       22             0.001494        0.001985        0.001737
1950-1959       23             0.001510        0.001967        0.001736
1950-1959       24             0.001540        0.002159        0.001846
1950-1959       25             0.001596        0.002252        0.001919
1950-1959       26             0.001688        0.002285        0.001982
1950-1959       27             0.001816        0.002382        0.002094
1950-1959       28             0.001854        0.002509        0.002176
1950-1959       29             0.001688        0.002273        0.001975
1950-1959       30             0.001982        0.002599        0.002283
1950-1959       31             0.001602        0.002300        0.001940
1950-1959       32             0.002034        0.002679        0.002345
1950-1959       33             0.002000        0.002703        0.002337
1950-1959       34             0.002068        0.002715        0.002377
1950-1959       35             0.002196        0.002970        0.002564
1950-1959       36             0.002368        0.003062        0.002696
1950-1959       37             0.002354        0.003151        0.002728
1950-1959       38             0.002764        0.003553        0.003132
1950-1959       39             0.002475        0.003450        0.002929
1950-1959       40             0.003344        0.004281        0.003784
1950-1959       41             0.002461        0.003545        0.002971
1950-1959       42             0.003430        0.004841        0.004095
1950-1959       43             0.003078        0.004508        0.003753
1950-1959       44             0.003328        0.005005        0.004120
1950-1959       45             0.003853        0.005724        0.004738
1950-1959       46             0.003943        0.005688        0.004770
1950-1959       47             0.003910        0.006204        0.004999
1950-1959       48             0.004810        0.007290        0.005988
1950-1959       49             0.004341        0.007182        0.005687
1950-1959       50             0.005912        0.009239        0.007484
1950-1959       51             0.004675        0.008087        0.006285
1950-1959       52             0.006598        0.010404        0.008389
1950-1959       53             0.006194        0.010967        0.008434
1950-1959       54             0.007208        0.011986        0.009444
1950-1959       55             0.007444        0.012923        0.009999
1950-1959       56             0.008562        0.014319        0.011233
1950-1959       57             0.008509        0.014959        0.011484
1950-1959       58             0.010613        0.017724        0.013870
1950-1959       59             0.010070        0.017833        0.013606
1950-1959       60             0.014439        0.021856        0.017806
1950-1959       61             0.011307        0.019175        0.014862
1950-1959       62             0.015736        0.025084        0.019937
1950-1959       63             0.016735        0.027585        0.021574
1950-1959       64             0.018760        0.029869        0.023675
1950-1959       65             0.022842        0.033983        0.027737
1950-1959       66             0.022763        0.034093        0.027706
1950-1959       67             0.025936        0.038780        0.031504
1950-1959       68             0.029570        0.042098        0.034972
1950-1959       69             0.027829        0.041569        0.033719
1950-1959       70             0.042528        0.055023        0.047857
1950-1959       71             0.034193        0.048625        0.040305
1950-1959       72             0.049771        0.066984        0.056999
1950-1959       73             0.050168        0.069561        0.058222
1950-1959       74             0.058689        0.078049        0.066630
1950-1959       75             0.066021        0.086175        0.074185
1950-1959       76             0.071267        0.092474        0.079733
1950-1959       77             0.076572        0.100735        0.086054
1950-1959       78             0.096098        0.124275        0.106949
1950-1959       79             0.083195        0.112014        0.094037
1950-1959       80             0.119557        0.142719        0.128051
1950-1959       81             0.089412        0.117311        0.099478
1950-1959       82             0.126168        0.161343        0.138624
1950-1959       83             0.124293        0.161580        0.137228
1950-1959       84             0.160480        0.201163        0.174293
1950-1959       85             0.165297        0.202017        0.177493
1950-1959       86             0.183529        0.226992        0.197631
1950-1959       87             0.186743        0.232177        0.201069
1950-1959       88             0.213147        0.270730        0.230674
1950-1959       89             0.200903        0.253255        0.216196
1950-1959       90             0.267508        0.302259        0.277310
1950-1959       91             0.174508        0.222731        0.187649
1950-1959       92             0.249504        0.307928        0.264748
1950-1959       93             0.248155        0.302435        0.261633
1950-1959       94             0.274944        0.323131        0.286344
1950-1959       95             0.296907        0.322885        0.302816
1950-1959       96             0.364140        0.404749        0.373047
1950-1959       97             0.354657        0.391067        0.362271
1950-1959       98             0.517799        0.544829        0.523218
1950-1959       99             0.475650        0.552816        0.490246
1950-1959      100             0.475777        0.435956        0.468607
1950-1959      101             0.300869        0.304553        0.301532
1950-1959      102             0.434995        0.265569        0.403851
1950-1959      103             0.428663        0.262622        0.395244
1950-1959      104             0.419809        0.317229        0.398077
1950-1959      105             0.459226        0.318504        0.428407
1950-1959      106             0.443717        0.177117        0.378511
1950-1959      107             0.350355        0.187051        0.307424
1950-1959      108             0.305008        0.221350        0.283590
1950-1959      109             0.266723        0.239686        0.260142
1950-1959      110+            0.359102        0.247171        0.333475
1960-1969        0             0.034674        0.044276        0.039593
1960-1969        1             0.002224        0.002433        0.002331
1960-1969        2             0.001269        0.001499        0.001387
1960-1969        3             0.000865        0.001031        0.000950
1960-1969        4             0.000694        0.000919        0.000809
1960-1969        5             0.000534        0.000729        0.000634
1960-1969        6             0.000495        0.000662        0.000580
1960-1969        7             0.000453        0.000597        0.000526
1960-1969        8             0.000402        0.000551        0.000478
1960-1969        9             0.000346        0.000528        0.000439
1960-1969       10             0.000344        0.000472        0.000409
1960-1969       11             0.000347        0.000452        0.000400
1960-1969       12             0.000425        0.000521        0.000474
1960-1969       13             0.000359        0.000519        0.000441
1960-1969       14             0.000388        0.000638        0.000515
1960-1969       15             0.000397        0.000666        0.000534
1960-1969       16             0.000428        0.000749        0.000591
1960-1969       17             0.000443        0.000867        0.000658
1960-1969       18             0.000480        0.001024        0.000756
1960-1969       19             0.000498        0.001146        0.000826
1960-1969       20             0.000522        0.001173        0.000852
1960-1969       21             0.000534        0.001182        0.000863
1960-1969       22             0.000669        0.001095        0.000886
1960-1969       23             0.000654        0.001178        0.000919
1960-1969       24             0.000730        0.001337        0.001035
1960-1969       25             0.000762        0.001364        0.001064
1960-1969       26             0.000842        0.001360        0.001100
1960-1969       27             0.000888        0.001425        0.001155
1960-1969       28             0.000961        0.001484        0.001221
1960-1969       29             0.000959        0.001454        0.001203
1960-1969       30             0.001022        0.001571        0.001293
1960-1969       31             0.000970        0.001485        0.001224
1960-1969       32             0.001147        0.001763        0.001450
1960-1969       33             0.001166        0.001807        0.001482
1960-1969       34             0.001255        0.001884        0.001565
1960-1969       35             0.001357        0.001920        0.001634
1960-1969       36             0.001373        0.002146        0.001753
1960-1969       37             0.001471        0.002293        0.001875
1960-1969       38             0.001662        0.002508        0.002078
1960-1969       39             0.001654        0.002620        0.002128
1960-1969       40             0.001967        0.002908        0.002427
1960-1969       41             0.001800        0.002913        0.002343
1960-1969       42             0.002267        0.003585        0.002907
1960-1969       43             0.002243        0.003491        0.002846
1960-1969       44             0.002460        0.004035        0.003217
1960-1969       45             0.002679        0.004315        0.003461
1960-1969       46             0.002921        0.004672        0.003752
1960-1969       47             0.003130        0.005111        0.004066
1960-1969       48             0.003576        0.005817        0.004628
1960-1969       49             0.003593        0.005984        0.004709
1960-1969       50             0.004295        0.006846        0.005482
1960-1969       51             0.004062        0.006964        0.005416
1960-1969       52             0.004974        0.008533        0.006639
1960-1969       53             0.005102        0.008941        0.006900
1960-1969       54             0.005745        0.009941        0.007710
1960-1969       55             0.005748        0.010547        0.007994
1960-1969       56             0.006660        0.012062        0.009187
1960-1969       57             0.007001        0.012835        0.009726
1960-1969       58             0.008310        0.014614        0.011248
1960-1969       59             0.008510        0.016098        0.012027
1960-1969       60             0.010386        0.018396        0.014072
1960-1969       61             0.009802        0.018445        0.013757
1960-1969       62             0.012437        0.022285        0.016910
1960-1969       63             0.013271        0.023822        0.018026
1960-1969       64             0.014913        0.026745        0.020203
1960-1969       65             0.016986        0.029590        0.022573
1960-1969       66             0.018063        0.031112        0.023801
1960-1969       67             0.020801        0.035141        0.027051
1960-1969       68             0.023919        0.039247        0.030533
1960-1969       69             0.024190        0.040659        0.031243
1960-1969       70             0.030681        0.047631        0.037898
1960-1969       71             0.029935        0.046722        0.037022
1960-1969       72             0.039653        0.059794        0.048081
1960-1969       73             0.042242        0.062477        0.050621
1960-1969       74             0.048720        0.070584        0.057666
1960-1969       75             0.053751        0.075917        0.062713
1960-1969       76             0.059341        0.082681        0.068679
1960-1969       77             0.064825        0.090224        0.074873
1960-1969       78             0.079946        0.105216        0.089809
1960-1969       79             0.079290        0.106310        0.089704
1960-1969       80             0.095574        0.122427        0.105591
1960-1969       81             0.090291        0.122580        0.102122
1960-1969       82             0.116083        0.148238        0.127619
1960-1969       83             0.119045        0.153019        0.130959
1960-1969       84             0.143994        0.179515        0.156148
1960-1969       85             0.151027        0.185687        0.162577
1960-1969       86             0.165522        0.205684        0.178523
1960-1969       87             0.177369        0.219172        0.190474
1960-1969       88             0.200612        0.246341        0.214481
1960-1969       89             0.208083        0.255474        0.221960
1960-1969       90             0.238865        0.279960        0.250490
1960-1969       91             0.208581        0.253308        0.220819
1960-1969       92             0.262989        0.302506        0.273437
1960-1969       93             0.261272        0.317061        0.275461
1960-1969       94             0.292491        0.356711        0.308080
1960-1969       95             0.288816        0.344244        0.301663
1960-1969       96             0.359693        0.414199        0.371883
1960-1969       97             0.358372        0.426145        0.372955
1960-1969       98             0.458638        0.549733        0.477238
1960-1969       99             0.508734        0.581260        0.522761
1960-1969      100             0.481101        0.492092        0.483179
1960-1969      101             0.370249        0.451710        0.385324
1960-1969      102             0.477619        0.428576        0.468782
1960-1969      103             0.414294        0.316223        0.395587
1960-1969      104             0.422942        0.197755        0.372494
1960-1969      105             0.430574        0.167372        0.357030
1960-1969      106             0.329732        0.105172        0.254404
1960-1969      107             0.157455        0.089159        0.131531
1960-1969      108             0.081514        0.069547        0.076826
1960-1969      109             0.058403        0.065255        0.061055
1960-1969      110+            0.110636        0.056854        0.089169
1970-1979        0             0.017747        0.022662        0.020276
1970-1979        1             0.001205        0.001393        0.001302
1970-1979        2             0.000764        0.000901        0.000834
1970-1979        3             0.000567        0.000722        0.000647
1970-1979        4             0.000434        0.000601        0.000520
1970-1979        5             0.000375        0.000534        0.000456
1970-1979        6             0.000335        0.000480        0.000409
1970-1979        7             0.000319        0.000466        0.000395
1970-1979        8             0.000307        0.000441        0.000375
1970-1979        9             0.000275        0.000402        0.000340
1970-1979       10             0.000260        0.000377        0.000320
1970-1979       11             0.000269        0.000356        0.000313
1970-1979       12             0.000255        0.000394        0.000326
1970-1979       13             0.000272        0.000411        0.000343
1970-1979       14             0.000301        0.000509        0.000407
1970-1979       15             0.000319        0.000587        0.000455
1970-1979       16             0.000346        0.000724        0.000538
1970-1979       17             0.000346        0.000862        0.000607
1970-1979       18             0.000390        0.001033        0.000715
1970-1979       19             0.000410        0.001136        0.000777
1970-1979       20             0.000433        0.001187        0.000815
1970-1979       21             0.000431        0.001111        0.000776
1970-1979       22             0.000453        0.001137        0.000799
1970-1979       23             0.000499        0.001170        0.000839
1970-1979       24             0.000483        0.001208        0.000849
1970-1979       25             0.000527        0.001177        0.000855
1970-1979       26             0.000574        0.001209        0.000893
1970-1979       27             0.000572        0.001231        0.000903
1970-1979       28             0.000572        0.001238        0.000906
1970-1979       29             0.000600        0.001233        0.000917
1970-1979       30             0.000697        0.001317        0.001007
1970-1979       31             0.000698        0.001324        0.001011
1970-1979       32             0.000757        0.001456        0.001106
1970-1979       33             0.000822        0.001591        0.001205
1970-1979       34             0.000856        0.001558        0.001205
1970-1979       35             0.000938        0.001692        0.001312
1970-1979       36             0.001040        0.001804        0.001419
1970-1979       37             0.001079        0.001945        0.001508
1970-1979       38             0.001220        0.002171        0.001691
1970-1979       39             0.001270        0.002350        0.001803
1970-1979       40             0.001399        0.002645        0.002015
1970-1979       41             0.001445        0.002669        0.002049
1970-1979       42             0.001686        0.003134        0.002400
1970-1979       43             0.001735        0.003260        0.002488
1970-1979       44             0.001881        0.003565        0.002712
1970-1979       45             0.002110        0.003884        0.002984
1970-1979       46             0.002249        0.004261        0.003240
1970-1979       47             0.002494        0.004829        0.003643
1970-1979       48             0.002794        0.005279        0.004015
1970-1979       49             0.003024        0.005760        0.004365
1970-1979       50             0.003394        0.006473        0.004898
1970-1979       51             0.003522        0.006839        0.005134
1970-1979       52             0.004048        0.007843        0.005880
1970-1979       53             0.004168        0.008436        0.006215
1970-1979       54             0.004746        0.009220        0.006876
1970-1979       55             0.004949        0.010037        0.007354
1970-1979       56             0.005632        0.011016        0.008156
1970-1979       57             0.005960        0.012080        0.008806
1970-1979       58             0.006674        0.013482        0.009813
1970-1979       59             0.007302        0.014636        0.010655
1970-1979       60             0.008199        0.016286        0.011875
1970-1979       61             0.008457        0.017219        0.012432
1970-1979       62             0.009884        0.019739        0.014348
1970-1979       63             0.010766        0.021362        0.015552
1970-1979       64             0.011992        0.023552        0.017192
1970-1979       65             0.013411        0.026134        0.019102
1970-1979       66             0.014647        0.028419        0.020766
1970-1979       67             0.016666        0.031397        0.023170
1970-1979       68             0.018511        0.034641        0.025584
1970-1979       69             0.020506        0.038027        0.028111
1970-1979       70             0.024397        0.042525        0.032174
1970-1979       71             0.026185        0.046219        0.034695
1970-1979       72             0.031480        0.052450        0.040272
1970-1979       73             0.034886        0.057271        0.044150
1970-1979       74             0.040061        0.063044        0.049447
1970-1979       75             0.045084        0.069117        0.054770
1970-1979       76             0.051578        0.077180        0.061741
1970-1979       77             0.056884        0.083150        0.067134
1970-1979       78             0.066291        0.094199        0.076997
1970-1979       79             0.072378        0.101985        0.083546
1970-1979       80             0.082284        0.113327        0.093640
1970-1979       81             0.087944        0.120443        0.099595
1970-1979       82             0.103767        0.137091        0.115474
1970-1979       83             0.113891        0.149129        0.126006
1970-1979       84             0.130054        0.165905        0.142105
1970-1979       85             0.140855        0.174373        0.151888
1970-1979       86             0.157208        0.191262        0.168208
1970-1979       87             0.170282        0.208417        0.182345
1970-1979       88             0.188061        0.228339        0.200507
1970-1979       89             0.201974        0.244855        0.214863
1970-1979       90             0.228602        0.263589        0.238842
1970-1979       91             0.229271        0.276304        0.242602
1970-1979       92             0.267455        0.310993        0.279380
1970-1979       93             0.283918        0.317793        0.292929
1970-1979       94             0.305078        0.353589        0.317558
1970-1979       95             0.314570        0.352928        0.324012
1970-1979       96             0.356197        0.377817        0.361337
1970-1979       97             0.353324        0.374570        0.358222
1970-1979       98             0.400913        0.395834        0.399784
1970-1979       99             0.438500        0.470045        0.445248
1970-1979      100             0.486189        0.557645        0.500295
1970-1979      101             0.422968        0.440531        0.426273
1970-1979      102             0.445352        0.420951        0.440782
1970-1979      103             0.437278        0.381688        0.426593
1970-1979      104             0.464128        0.403448        0.451781
1970-1979      105             0.538395        0.411579        0.511485
1970-1979      106             0.411865        0.307444        0.386252
1970-1979      107             0.422309        0.349344        0.403024
1970-1979      108             0.415964        0.405228        0.412684
1970-1979      109             0.224590        0.343634        0.261720
1970-1979      110+            0.197835        0.160010        0.180846
1980-1989        0             0.008765        0.011071        0.009958
1980-1989        1             0.000777        0.000893        0.000837
1980-1989        2             0.000483        0.000605        0.000546
1980-1989        3             0.000330        0.000464        0.000399
1980-1989        4             0.000274        0.000385        0.000331
1980-1989        5             0.000245        0.000366        0.000307
1980-1989        6             0.000217        0.000346        0.000284
1980-1989        7             0.000217        0.000307        0.000263
1980-1989        8             0.000200        0.000275        0.000239
1980-1989        9             0.000184        0.000264        0.000225
1980-1989       10             0.000183        0.000276        0.000231
1980-1989       11             0.000175        0.000270        0.000224
1980-1989       12             0.000203        0.000279        0.000242
1980-1989       13             0.000186        0.000325        0.000257
1980-1989       14             0.000236        0.000380        0.000310
1980-1989       15             0.000272        0.000484        0.000381
1980-1989       16             0.000304        0.000645        0.000478
1980-1989       17             0.000320        0.000819        0.000575
1980-1989       18             0.000372        0.000981        0.000683
1980-1989       19             0.000388        0.001094        0.000748
1980-1989       20             0.000382        0.001117        0.000755
1980-1989       21             0.000382        0.001235        0.000815
1980-1989       22             0.000374        0.001251        0.000819
1980-1989       23             0.000399        0.001258        0.000834
1980-1989       24             0.000420        0.001257        0.000843
1980-1989       25             0.000426        0.001282        0.000858
1980-1989       26             0.000435        0.001258        0.000850
1980-1989       27             0.000446        0.001257        0.000854
1980-1989       28             0.000462        0.001247        0.000857
1980-1989       29             0.000463        0.001274        0.000871
1980-1989       30             0.000508        0.001286        0.000899
1980-1989       31             0.000537        0.001297        0.000919
1980-1989       32             0.000562        0.001326        0.000946
1980-1989       33             0.000598        0.001374        0.000987
1980-1989       34             0.000639        0.001416        0.001028
1980-1989       35             0.000714        0.001521        0.001119
1980-1989       36             0.000747        0.001642        0.001195
1980-1989       37             0.000797        0.001715        0.001256
1980-1989       38             0.000830        0.001865        0.001348
1980-1989       39             0.000946        0.002057        0.001501
1980-1989       40             0.001014        0.002229        0.001621
1980-1989       41             0.001101        0.002334        0.001716
1980-1989       42             0.001216        0.002687        0.001950
1980-1989       43             0.001330        0.002858        0.002090
1980-1989       44             0.001423        0.003099        0.002255
1980-1989       45             0.001590        0.003502        0.002537
1980-1989       46             0.001718        0.003751        0.002724
1980-1989       47             0.001895        0.004147        0.003007
1980-1989       48             0.002076        0.004578        0.003310
1980-1989       49             0.002248        0.005002        0.003604
1980-1989       50             0.002540        0.005586        0.004037
1980-1989       51             0.002661        0.006020        0.004309
1980-1989       52             0.002894        0.006572        0.004695
1980-1989       53             0.003118        0.007324        0.005175
1980-1989       54             0.003402        0.007922        0.005609
1980-1989       55             0.003746        0.008654        0.006136
1980-1989       56             0.004026        0.009455        0.006663
1980-1989       57             0.004441        0.010365        0.007309
1980-1989       58             0.004780        0.011366        0.007957
1980-1989       59             0.005365        0.012671        0.008873
1980-1989       60             0.005949        0.013881        0.009732
1980-1989       61             0.006530        0.014950        0.010513
1980-1989       62             0.007234        0.016261        0.011462
1980-1989       63             0.007906        0.017941        0.012555
1980-1989       64             0.008757        0.019638        0.013743
1980-1989       65             0.009703        0.021461        0.015030
1980-1989       66             0.010663        0.023337        0.016334
1980-1989       67             0.012148        0.025622        0.018101
1980-1989       68             0.013506        0.028112        0.019874
1980-1989       69             0.015268        0.030733        0.021924
1980-1989       70             0.017247        0.034545        0.024609
1980-1989       71             0.019313        0.037463        0.026970
1980-1989       72             0.022147        0.041820        0.030380
1980-1989       73             0.024959        0.046086        0.033711
1980-1989       74             0.028552        0.051132        0.037797
1980-1989       75             0.032316        0.056010        0.041890
1980-1989       76             0.036966        0.061908        0.046908
1980-1989       77             0.042234        0.068610        0.052602
1980-1989       78             0.047940        0.075551        0.058633
1980-1989       79             0.055278        0.083775        0.066116
1980-1989       80             0.062177        0.093205        0.073630
1980-1989       81             0.070133        0.101338        0.081410
1980-1989       82             0.080083        0.112975        0.091695
1980-1989       83             0.089966        0.122008        0.101024
1980-1989       84             0.102579        0.136540        0.114036
1980-1989       85             0.114053        0.148138        0.125285
1980-1989       86             0.127802        0.163434        0.139261
1980-1989       87             0.142369        0.179843        0.154101
1980-1989       88             0.159786        0.195747        0.170730
1980-1989       89             0.175102        0.213997        0.186624
1980-1989       90             0.198313        0.237186        0.209521
1980-1989       91             0.211613        0.249019        0.222092
1980-1989       92             0.234884        0.270822        0.244684
1980-1989       93             0.253716        0.290031        0.263306
1980-1989       94             0.274741        0.311504        0.284190
1980-1989       95             0.295278        0.337985        0.305921
1980-1989       96             0.315625        0.342283        0.322157
1980-1989       97             0.330563        0.359800        0.337596
1980-1989       98             0.340047        0.348931        0.342169
1980-1989       99             0.377891        0.411128        0.385912
1980-1989      100             0.438791        0.570011        0.468037
1980-1989      101             0.429568        0.443382        0.432485
1980-1989      102             0.417913        0.473684        0.429319
1980-1989      103             0.418128        0.354820        0.404967
1980-1989      104             0.440678        0.413397        0.434906
1980-1989      105             0.468421        0.359055        0.444597
1980-1989      106             0.534340        0.322738        0.484429
1980-1989      107             0.601695        0.685714        0.623295
1980-1989      108             0.574307        1.540541        0.726115
1980-1989      109             1.018182        0.000000        0.848485
1980-1989      110+            0.670588        0.774194        0.686567
1990-1999        0             0.005386        0.006601        0.006013
1990-1999        1             0.000532        0.000581        0.000557
1990-1999        2             0.000321        0.000377        0.000349
1990-1999        3             0.000246        0.000306        0.000277
1990-1999        4             0.000205        0.000266        0.000237
1990-1999        5             0.000185        0.000226        0.000206
1990-1999        6             0.000161        0.000236        0.000199
1990-1999        7             0.000146        0.000210        0.000179
1990-1999        8             0.000137        0.000196        0.000168
1990-1999        9             0.000142        0.000188        0.000165
1990-1999       10             0.000147        0.000188        0.000168
1990-1999       11             0.000132        0.000208        0.000171
1990-1999       12             0.000159        0.000193        0.000177
1990-1999       13             0.000162        0.000253        0.000208
1990-1999       14             0.000183        0.000314        0.000250
1990-1999       15             0.000226        0.000382        0.000306
1990-1999       16             0.000254        0.000567        0.000414
1990-1999       17             0.000269        0.000712        0.000495
1990-1999       18             0.000294        0.000837        0.000572
1990-1999       19             0.000309        0.000938        0.000631
1990-1999       20             0.000318        0.001022        0.000678
1990-1999       21             0.000311        0.001063        0.000695
1990-1999       22             0.000328        0.001121        0.000734
1990-1999       23             0.000352        0.001187        0.000778
1990-1999       24             0.000371        0.001208        0.000798
1990-1999       25             0.000408        0.001337        0.000882
1990-1999       26             0.000435        0.001389        0.000921
1990-1999       27             0.000481        0.001536        0.001017
1990-1999       28             0.000514        0.001619        0.001075
1990-1999       29             0.000580        0.001816        0.001206
1990-1999       30             0.000574        0.001921        0.001255
1990-1999       31             0.000616        0.001929        0.001279
1990-1999       32             0.000624        0.002007        0.001321
1990-1999       33             0.000677        0.002048        0.001367
1990-1999       34             0.000661        0.002046        0.001357
1990-1999       35             0.000714        0.002036        0.001377
1990-1999       36             0.000737        0.002030        0.001385
1990-1999       37             0.000737        0.002096        0.001418
1990-1999       38             0.000817        0.002099        0.001458
1990-1999       39             0.000872        0.002225        0.001549
1990-1999       40             0.000981        0.002316        0.001648
1990-1999       41             0.000991        0.002431        0.001711
1990-1999       42             0.001081        0.002541        0.001810
1990-1999       43             0.001212        0.002816        0.002012
1990-1999       44             0.001291        0.002966        0.002126
1990-1999       45             0.001367        0.003323        0.002341
1990-1999       46             0.001423        0.003571        0.002492
1990-1999       47             0.001628        0.003831        0.002723
1990-1999       48             0.001724        0.004155        0.002931
1990-1999       49             0.001846        0.004640        0.003231
1990-1999       50             0.002018        0.004931        0.003460
1990-1999       51             0.002174        0.005320        0.003728
1990-1999       52             0.002385        0.005811        0.004073
1990-1999       53             0.002592        0.006492        0.004508
1990-1999       54             0.002756        0.006982        0.004827
1990-1999       55             0.002969        0.007676        0.005269
1990-1999       56             0.003246        0.008400        0.005756
1990-1999       57             0.003559        0.009128        0.006263
1990-1999       58             0.003946        0.009974        0.006863
1990-1999       59             0.004230        0.010986        0.007488
1990-1999       60             0.004583        0.011941        0.008117
1990-1999       61             0.005018        0.012966        0.008822
1990-1999       62             0.005606        0.014126        0.009667
1990-1999       63             0.006136        0.015477        0.010571
1990-1999       64             0.006842        0.017060        0.011671
1990-1999       65             0.007547        0.018612        0.012743
1990-1999       66             0.008281        0.020381        0.013925
1990-1999       67             0.009150        0.022568        0.015360
1990-1999       68             0.010256        0.024648        0.016860
1990-1999       69             0.011904        0.027082        0.018801
1990-1999       70             0.013228        0.029767        0.020654
1990-1999       71             0.014998        0.032584        0.022785
1990-1999       72             0.016934        0.036143        0.025306
1990-1999       73             0.019321        0.040071        0.028209
1990-1999       74             0.021887        0.044275        0.031304
1990-1999       75             0.025076        0.048698        0.034823
1990-1999       76             0.028930        0.053996        0.039060
1990-1999       77             0.033144        0.060302        0.043884
1990-1999       78             0.038543        0.066163        0.049217
1990-1999       79             0.043952        0.073309        0.055038
1990-1999       80             0.050076        0.080842        0.061367
1990-1999       81             0.056418        0.089783        0.068440
1990-1999       82             0.064570        0.099299        0.076850
1990-1999       83             0.073971        0.108847        0.086048
1990-1999       84             0.084368        0.120384        0.096567
1990-1999       85             0.096069        0.132884        0.108254
1990-1999       86             0.108885        0.147057        0.121224
1990-1999       87             0.123245        0.163011        0.135786
1990-1999       88             0.138665        0.178962        0.151053
1990-1999       89             0.155952        0.198156        0.168581
1990-1999       90             0.175100        0.216275        0.187056
1990-1999       91             0.195377        0.235206        0.206636
1990-1999       92             0.214742        0.259853        0.227101
1990-1999       93             0.238564        0.276238        0.248597
1990-1999       94             0.265484        0.306996        0.276234
1990-1999       95             0.286293        0.334212        0.298362
1990-1999       96             0.309073        0.361314        0.321731
1990-1999       97             0.343350        0.387611        0.353719
1990-1999       98             0.369471        0.409447        0.378541
1990-1999       99             0.394062        0.430324        0.401941
1990-1999      100             0.435303        0.502292        0.449475
1990-1999      101             0.443110        0.509231        0.456409
1990-1999      102             0.469496        0.492747        0.473962
1990-1999      103             0.516860        0.558467        0.524793
1990-1999      104             0.484395        0.561859        0.499031
1990-1999      105             0.585160        0.594059        0.586807
1990-1999      106             0.482117        0.675497        0.517241
1990-1999      107             0.524675        0.712329        0.554585
1990-1999      108             0.631083        0.504202        0.611111
1990-1999      109             0.642857        0.727273        0.657754
1990-1999      110+            2.314286        2.285714        2.307692
2000-2009        0             0.003381        0.004085        0.003743
2000-2009        1             0.000322        0.000343        0.000333
2000-2009        2             0.000184        0.000230        0.000208
2000-2009        3             0.000136        0.000195        0.000166
2000-2009        4             0.000128        0.000150        0.000139
2000-2009        5             0.000108        0.000148        0.000129
2000-2009        6             0.000095        0.000135        0.000116
2000-2009        7             0.000097        0.000131        0.000114
2000-2009        8             0.000086        0.000136        0.000112
2000-2009        9             0.000090        0.000117        0.000104
2000-2009       10             0.000113        0.000128        0.000121
2000-2009       11             0.000091        0.000122        0.000107
2000-2009       12             0.000106        0.000152        0.000129
2000-2009       13             0.000119        0.000177        0.000149
2000-2009       14             0.000119        0.000225        0.000174
2000-2009       15             0.000173        0.000309        0.000243
2000-2009       16             0.000176        0.000422        0.000303
2000-2009       17             0.000215        0.000541        0.000383
2000-2009       18             0.000230        0.000617        0.000429
2000-2009       19             0.000234        0.000658        0.000451
2000-2009       20             0.000241        0.000708        0.000480
2000-2009       21             0.000228        0.000678        0.000458
2000-2009       22             0.000232        0.000702        0.000472
2000-2009       23             0.000217        0.000697        0.000463
2000-2009       24             0.000233        0.000696        0.000470
2000-2009       25             0.000240        0.000719        0.000485
2000-2009       26             0.000242        0.000720        0.000487
2000-2009       27             0.000256        0.000732        0.000500
2000-2009       28             0.000268        0.000753        0.000518
2000-2009       29             0.000282        0.000775        0.000536
2000-2009       30             0.000319        0.000813        0.000574
2000-2009       31             0.000331        0.000890        0.000619
2000-2009       32             0.000369        0.000920        0.000653
2000-2009       33             0.000409        0.000988        0.000707
2000-2009       34             0.000439        0.001081        0.000769
2000-2009       35             0.000482        0.001175        0.000837
2000-2009       36             0.000568        0.001263        0.000923
2000-2009       37             0.000609        0.001355        0.000989
2000-2009       38             0.000658        0.001518        0.001096
2000-2009       39             0.000735        0.001646        0.001198
2000-2009       40             0.000783        0.001798        0.001297
2000-2009       41             0.000901        0.001902        0.001407
2000-2009       42             0.000940        0.002092        0.001521
2000-2009       43             0.001015        0.002278        0.001651
2000-2009       44             0.001160        0.002488        0.001827
2000-2009       45             0.001255        0.002757        0.002008
2000-2009       46             0.001385        0.002928        0.002157
2000-2009       47             0.001491        0.003307        0.002399
2000-2009       48             0.001599        0.003584        0.002590
2000-2009       49             0.001723        0.003871        0.002794
2000-2009       50             0.001842        0.004349        0.003090
2000-2009       51             0.001974        0.004611        0.003284
2000-2009       52             0.002087        0.005115        0.003588
2000-2009       53             0.002294        0.005527        0.003894
2000-2009       54             0.002379        0.006166        0.004249
2000-2009       55             0.002587        0.006480        0.004504
2000-2009       56             0.002714        0.007117        0.004877
2000-2009       57             0.002950        0.007778        0.005316
2000-2009       58             0.003121        0.008402        0.005702
2000-2009       59             0.003437        0.009091        0.006192
2000-2009       60             0.003781        0.010080        0.006841
2000-2009       61             0.003993        0.010655        0.007217
2000-2009       62             0.004396        0.011602        0.007868
2000-2009       63             0.004798        0.012612        0.008546
2000-2009       64             0.005229        0.013856        0.009346
2000-2009       65             0.005848        0.015209        0.010294
2000-2009       66             0.006511        0.016481        0.011221
2000-2009       67             0.007251        0.018274        0.012425
2000-2009       68             0.008036        0.019690        0.013469
2000-2009       69             0.009145        0.021951        0.015069
2000-2009       70             0.010253        0.024046        0.016580
2000-2009       71             0.011487        0.026290        0.018218
2000-2009       72             0.013056        0.029214        0.020330
2000-2009       73             0.014684        0.032003        0.022401
2000-2009       74             0.017148        0.035571        0.025261
2000-2009       75             0.019409        0.039831        0.028279
2000-2009       76             0.022140        0.044132        0.031551
2000-2009       77             0.025563        0.049359        0.035580
2000-2009       78             0.029535        0.054909        0.040025
2000-2009       79             0.034080        0.061489        0.045187
2000-2009       80             0.039375        0.068475        0.050863
2000-2009       81             0.045357        0.076527        0.057324
2000-2009       82             0.052557        0.085767        0.064931
2000-2009       83             0.060787        0.095222        0.073223
2000-2009       84             0.070003        0.106036        0.082604
2000-2009       85             0.080746        0.118030        0.093353
2000-2009       86             0.093019        0.132632        0.105947
2000-2009       87             0.106435        0.147322        0.119302
2000-2009       88             0.121492        0.163009        0.134077
2000-2009       89             0.137513        0.178758        0.149565
2000-2009       90             0.156211        0.200134        0.168642
2000-2009       91             0.175969        0.219631        0.187979
2000-2009       92             0.196796        0.243451        0.209280
2000-2009       93             0.218739        0.269112        0.231783
2000-2009       94             0.239405        0.290789        0.252228
2000-2009       95             0.264510        0.318977        0.277646
2000-2009       96             0.289971        0.344576        0.302663
2000-2009       97             0.313838        0.375764        0.327677
2000-2009       98             0.345576        0.391017        0.355392
2000-2009       99             0.367244        0.432173        0.380782
2000-2009      100             0.407785        0.483745        0.422856
2000-2009      101             0.432224        0.480812        0.441414
2000-2009      102             0.481323        0.535700        0.491392
2000-2009      103             0.506037        0.498592        0.504685
2000-2009      104             0.534213        0.553216        0.537676
2000-2009      105             0.575946        0.660820        0.591152
2000-2009      106             0.629959        0.658276        0.634649
2000-2009      107             0.533717        0.812910        0.575440
2000-2009      108             0.558957        0.383296        0.537536
2000-2009      109             1.036586        0.793590        1.002932
2000-2009      110+            0.723529        0.646154        0.711111
2010-2019        0             0.002579        0.002996        0.002794
2010-2019        1             0.000217        0.000247        0.000232
2010-2019        2             0.000131        0.000153        0.000142
2010-2019        3             0.000089        0.000110        0.000100
2010-2019        4             0.000085        0.000101        0.000093
2010-2019        5             0.000076        0.000090        0.000083
2010-2019        6             0.000069        0.000085        0.000077
2010-2019        7             0.000061        0.000083        0.000073
2010-2019        8             0.000062        0.000079        0.000071
2010-2019        9             0.000068        0.000086        0.000077
2010-2019       10             0.000062        0.000081        0.000072
2010-2019       11             0.000068        0.000080        0.000074
2010-2019       12             0.000072        0.000089        0.000081
2010-2019       13             0.000084        0.000112        0.000098
2010-2019       14             0.000101        0.000117        0.000110
2010-2019       15             0.000093        0.000152        0.000123
2010-2019       16             0.000112        0.000194        0.000154
2010-2019       17             0.000124        0.000216        0.000171
2010-2019       18             0.000140        0.000277        0.000210
2010-2019       19             0.000151        0.000318        0.000237
2010-2019       20             0.000152        0.000349        0.000253
2010-2019       21             0.000140        0.000353        0.000249
2010-2019       22             0.000147        0.000361        0.000256
2010-2019       23             0.000156        0.000368        0.000264
2010-2019       24             0.000153        0.000380        0.000268
2010-2019       25             0.000173        0.000395        0.000285
2010-2019       26             0.000161        0.000404        0.000284
2010-2019       27             0.000179        0.000422        0.000301
2010-2019       28             0.000180        0.000419        0.000300
2010-2019       29             0.000209        0.000462        0.000337
2010-2019       30             0.000225        0.000493        0.000360
2010-2019       31             0.000233        0.000505        0.000370
2010-2019       32             0.000244        0.000517        0.000382
2010-2019       33             0.000257        0.000568        0.000414
2010-2019       34             0.000294        0.000598        0.000448
2010-2019       35             0.000328        0.000623        0.000478
2010-2019       36             0.000359        0.000673        0.000519
2010-2019       37             0.000416        0.000717        0.000569
2010-2019       38             0.000462        0.000774        0.000621
2010-2019       39             0.000493        0.000881        0.000691
2010-2019       40             0.000564        0.000981        0.000776
2010-2019       41             0.000603        0.001084        0.000848
2010-2019       42             0.000674        0.001215        0.000950
2010-2019       43             0.000787        0.001388        0.001093
2010-2019       44             0.000862        0.001513        0.001192
2010-2019       45             0.000966        0.001755        0.001366
2010-2019       46             0.001045        0.001963        0.001509
2010-2019       47             0.001217        0.002270        0.001748
2010-2019       48             0.001337        0.002573        0.001959
2010-2019       49             0.001462        0.002854        0.002161
2010-2019       50             0.001594        0.003188        0.002392
2010-2019       51             0.001807        0.003594        0.002699
2010-2019       52             0.001919        0.004075        0.002993
2010-2019       53             0.002140        0.004317        0.003222
2010-2019       54             0.002249        0.004883        0.003555
2010-2019       55             0.002414        0.005315        0.003849
2010-2019       56             0.002714        0.005878        0.004276
2010-2019       57             0.002921        0.006424        0.004646
2010-2019       58             0.003083        0.006910        0.004964
2010-2019       59             0.003373        0.007614        0.005451
2010-2019       60             0.003582        0.008361        0.005917
2010-2019       61             0.003783        0.009033        0.006340
2010-2019       62             0.004123        0.009804        0.006881
2010-2019       63             0.004407        0.010711        0.007457
2010-2019       64             0.004620        0.011552        0.007960
2010-2019       65             0.004973        0.012578        0.008624
2010-2019       66             0.005463        0.013605        0.009357
2010-2019       67             0.006069        0.014566        0.010114
2010-2019       68             0.006486        0.015951        0.010970
2010-2019       69             0.007287        0.017253        0.011983
2010-2019       70             0.007980        0.019034        0.013156
2010-2019       71             0.009017        0.020649        0.014426
2010-2019       72             0.009844        0.022793        0.015818
2010-2019       73             0.011230        0.025099        0.017570
2010-2019       74             0.012848        0.027797        0.019613
2010-2019       75             0.014816        0.030669        0.021913
2010-2019       76             0.016810        0.034012        0.024418
2010-2019       77             0.019366        0.038364        0.027652
2010-2019       78             0.022334        0.042578        0.031034
2010-2019       79             0.026112        0.047893        0.035320
2010-2019       80             0.030360        0.053932        0.040165
2010-2019       81             0.035399        0.060434        0.045631
2010-2019       82             0.041065        0.067741        0.051753
2010-2019       83             0.047928        0.076510        0.059135
2010-2019       84             0.055834        0.086243        0.067481
2010-2019       85             0.065232        0.097498        0.077266
2010-2019       86             0.075293        0.109542        0.087705
2010-2019       87             0.087667        0.123150        0.100130
2010-2019       88             0.101393        0.139335        0.114277
2010-2019       89             0.116620        0.156348        0.129619
2010-2019       90             0.134810        0.175908        0.147710
2010-2019       91             0.152712        0.196718        0.165920
2010-2019       92             0.171566        0.219297        0.185219
2010-2019       93             0.193949        0.243357        0.207396
2010-2019       94             0.216717        0.266793        0.229656
2010-2019       95             0.242500        0.291645        0.254572
2010-2019       96             0.269002        0.320198        0.280907
2010-2019       97             0.293258        0.355099        0.306830
2010-2019       98             0.318345        0.391049        0.333365
2010-2019       99             0.346195        0.417524        0.359997
2010-2019      100             0.384661        0.468154        0.399866
2010-2019      101             0.409343        0.483858        0.422079
2010-2019      102             0.438007        0.507611        0.449316
2010-2019      103             0.481935        0.544414        0.491631
2010-2019      104             0.502908        0.602030        0.517389
2010-2019      105             0.559480        0.618315        0.567500
2010-2019      106             0.593044        0.778691        0.616970
2010-2019      107             0.655683        0.709747        0.662000
2010-2019      108             0.666499        0.717874        0.672515
2010-2019      109             0.701968        0.775463        0.711040
2010-2019      110+            0.887756        0.619293        0.843175
